6,8165374 12,6976065
4,5917532 6,3670565
3,3718976 6,5275851
7,2119604 12,0288522
3,8471735 6,1225014
7,0625947 12,5027093
3,5237345 5,8044232
3,7220073 6,3890818
3,6908411 6,1332166
5,0789911 6,0491137
4,5628148 6,0726462
3,9761909 5,6772897
6,6107746 12,3683542
4,8127478 5,8752393
4,4808178 5,9823728
3,3649368 5,8396
4,0410983 6,2433918
8,4837936 12,5978545
3,2434691 6,3451925
7,189353 12,4778674
6,4899308 12,2496948
6,7058305 11,8266423
6,2779327 11,4649632
4,4386972 6,0750262
6,9600935 12,7403518
3,8209512 5,5542061
3,9166485 6,4147538
4,1849127 6,635873
4,3853119 6,318272
6,3108066 12,1382904
7,5950877 12,6190696
4,1995432 6,0140662
3,1205314 5,5700617
7,119378 11,7026587
3,0983143 6,3067308
7,4308695 11,813578
3,867747 5,6157075
3,8584375 5,2939373
3,5828954 6,137847
5,8444073 12,6155225
6,6485294 12,6593794
5,9985779 12,3805728
6,8120654 12,025675
6,3364429 12,5041112
6,4183497 12,179554
4,6127713 5,7919748
6,8404005 12,3073165
3,4870242 5,6617462
3,7415606 6,1855119
2,2041051 6,6768364
4,182129 6,355851
7,7362391 12,7337379
3,6910258 5,3097123
7,3703687 11,954758
6,1340091 12,826658
5,0737105 6,0829993
5,5290704 6,3370952
6,6765541 12,0231751
4,3818931 6,2113485
8,0264084 12,6086112
6,5223835 12,2566877
6,0395902 12,4695212
3,9376238 6,2523969
5,735486 12,4108415
6,4368875 12,1056512
2,8592643 6,253253
7,419195 13,0042192
2,8483952 6,3700966
3,6696525 6,1281851
4,1224868 5,8516133
2,0899538 6,1176602
7,3815704 12,8888042
3,9951754 5,7468867
7,3633897 12,1066727
2,5477279 6,3983045
3,6964985 6,3722811
2,9896794 6,3429387
3,8238252 6,5612626
7,9922122 12,002634
5,3699432 6,5302491
6,5829041 12,1078107
7,3278786 12,6222308
3,6357195 5,5571264
3,5992143 6,5503782
3,3136864 5,4956585
5,2777805 5,8928639
6,8911339 12,8299611
4,1115386 6,5256207
7,2656019 12,4221152
7,175377 12,3117229
3,9546323 6,9649362
5,5187594 12,8933735
3,3997798 5,8617179
3,9575824 6,4547978
4,2887303 6,7432009
8,3415667 12,905261
7,2147038 12,8881253
6,8010857 11,9653266
6,1787346 12,5152782
3,9511745 6,2712242
7,0598792 12,5856753
4,1322135 6,0396753
3,3310825 6,0947699
4,0903731 6,3221838
5,4682157 12,2320218
7,4560688 12,1736479
4,1042045 6,1188078
3,7002731 6,159793
4,2734741 6,5240874
6,8750553 12,5023255
4,5937487 6,861456
3,7756995 6,164725
3,9289247 5,7554205
7,035357 12,648004
4,7250939 5,9842362
7,5960763 12,5065982
4,6684927 5,6803628
6,3089831 12,2820857
7,4566973 12,7009025
4,5557198 6,3025789
4,1379852 6,1179521
7,9239031 12,2165092
3,6584067 5,8578399
4,5078602 6,5548557
5,3472 6,0782949
4,0750817 6,4075457
3,0110988 6,6941713
7,0984584 12,6161649
3,5653935 6,0894357
4,7995983 5,8446336
2,9866065 6,5343785
4,0305603 5,6450668
6,9651173 12,2288038
3,5269544 6,1392004
4,0226167 5,8496453
4,3020038 6,7485812
7,4434332 12,1898013
3,5584673 6,3679136
3,2998827 6,0565423
7,8894451 11,8784714
5,019544 6,2269973
7,4041641 11,788006
4,2414691 6,2416956
3,8657477 5,4531229
6,5906753 12,2505632
3,6781949 6,177711
5,0109277 5,8880766
6,48713 11,5831545
7,1543987 12,2214663
7,8454189 12,5519462
3,1386326 5,5612245
3,5031593 5,9830362
6,9077204 12,2673607
7,6933396 12,5676996
3,8632836 5,6805542
7,0391548 12,3587258
6,6506883 12,5600011
7,4268851 12,1781313
3,6832189 6,2058103
6,1061642 12,5808067
5,4675583 5,6803508
4,3745747 6,2379036
2,8440425 6,226045
3,5093684 5,8976171
6,1684179 12,8618199
3,3204689 5,7322371
6,5077696 12,5433692
7,2033222 12,358836
3,5933527 6,1088258
5,7062198 12,5463518
7,0757103 12,3929452
6,3514911 12,3141136
3,1249121 5,8108559
7,306566 12,2730579
3,2156703 5,4835108
7,4868311 12,7135684
3,7005587 5,9884348
4,1658303 5,4497637
6,2310652 12,393177
5,6434835 12,4294444
2,7898957 6,5780882
6,2009875 12,3865047
4,1614734 5,9100656
3,9127991 5,9353222
3,4293809 6,0236694
4,3116091 6,1799206
3,0666174 5,8899268
2,3889054 6,2877581
4,1010245 5,5009017
7,552651 12,8914287
4,2517509 5,8778293
4,9213368 6,2893921
5,7524719 12,6734164
4,5509609 5,3696788
3,605663 6,8328718
6,5653226 12,4647165
5,1485825 6,0564092
7,1893019 12,530392
7,3075377 12,8764371
3,8273749 5,7834834
3,5111027 6,0647787
3,9568309 6,3667366
4,1917362 6,0600715
3,9932565 5,8929707
7,4577417 12,7375089
6,8866156 12,5171953
4,1295704 5,8606805
3,5835656 5,9213016
3,6380362 6,2436988
4,9487566 5,7036279
3,9372191 6,4849584
7,3024752 12,3646605
7,7468864 12,5525944
6,0327862 12,41366
6,1925952 12,5192383
3,3783531 6,3537614
3,6602685 6,0639322
6,4214068 12,4066176
4,3974868 6,1683568
4,8795185 5,9288174
7,5685093 12,2770527
2,571259 6,1632119
3,3718569 6,4171422