7992
8705
2131
63
7989
4325
7054
415
5092
9651
7608
1401
5320
26
6914
6607
7058
5530
5862
1461
937
2062
4263
3378
3763
4745
7684
5996
8761
4890
8778
9648
745
7797
9336
3473
780
8928
5544
2381
8900
6781
387
7587
6948
340
3065
8552
2089
1184
717
1771
9121
7725
1999
7923
9764
9299
5546
9563
6960
554
3059
1738
4454
2986
7203
1690
4665
4885
4438
5776
4960
5147
6479
8942
548
9647
8664
523
1669
5511
5075
5156
9477
1126
6079
8292
3056
7477
2349
1444
6473
8355
8843
4687
8826
6308
2336
7055
804
1197
8247
7967
6051
9959
9283
9660
1131
2209
4253
4862
33
9606
8855
4576
4659
9415
7345
8127
6264
6923
2520
7721
1413
6808
6203
6819
7723
6501
2013
1656
6293
7956
1729
98
4845
36
7981
1542
7195
2684
8217
3022
2066
852
5109
2257
6408
744
878
6648
248
5809
4971
3538
7641
1512
8322
7414
4258
9722
3658
5700
2320
5483
1977
8673
8479
4810
9828
8555
7312
9916
3720
1791
4987
7877
9726
7021
2920
2980
108
4114
2005
8688
132
4359
8142
3513
3263
4412
6899
9668
5823
7208
4074
4276
3644
1950
6213
150
3168
9708
7197
1568
420
7809
5809
1932
2161
4141
8679
3131
1577
5685
2309
5639
508
1375
6162
959
3022
5157
3825
4020
7541
4109
2774
6845
5530
2994
7583
4653
7132
7168
494
6199
1575
4882
4064
6132
7196
1589
5536
597
5506
406
4391
1686
785
9605
3074
3968
3930
2679
6831
4304
6926
4888
4676
4221
2322
6984
2504
2995
2725
2156
6649
3254
2631
6822
178
2969
1507
3701
7466
1635
3367
9799
1465
5111
18
7504
4856
1296
7188
3857
4432
2226
3680
1705
740
9240
211
1662
696
8059
1750
952
3951
4462
2396
6536
9804
6557
9796
5359
3056
1642
495
3354
2711
2131
5328
8228
9429
5843
5808
1010
2297
4493
1635
1285
8678
4788
4001
549
9951
4905
7208
1270
8682
9550
2390
8600
4090
9130
9666
1199
3011
8688
4256
2869
4226
6983
8964
3843
2489
4989
6850
1301
6188
95
2314
4342
8221
3669
2969
3626
9100
5133
397
708
1961
6196
8231
5086
5674
1558
8342
7942
5919
6100
622
2861
2721
9360
3985
1150
678
5525
3407
6764
1014
5239
661
5905
6474
6100
4321
9568
539
9525
2199
9659
5609
5420
2943
7740
126
4458
2653
8230
1260
3110
311
9773
3020
3616
9472
7530
1480
4072
9756
2705
9565
9557
1002
2813
1563
5381
587
6123
9162
1179
545
6959
2925
72
8626
2098
3990
9497
3409
8925
2051
7944
8319
3958
3180
5090
3975
5399
7609
6251
2849
5881
7828
7562
6702
800
7510
9969
2054
9629
5781
3914
8336
1658
5207
7335
8557
6705
5301
8419
8047
5325
6170
1421
9196
6097
9782
9318
5555
2305
6714
5660
2528
2201
9686
1496
9258
7639
8563
80
2950
3941
5469
3671
5883
2304
1318
932
6491
1481
1440
5187
2555
5850
475
2401
341
3484
8015
7463
8309
4678
4370
939
8103
9950
1005
1909
3829
4617
8787
6126
1974
2440
289
1675
856
6868
6955
2446
9421
3591
2401
5419
5694
9898
4085
7125
6985
5087
3119
608
9065
7647
9252
876
1883
5054
8012
740
7475
1808
7048
8127
4784
7216
6923
6930
3637
5401
8710
1621
4475
1469
5069
2588
1280
2636
6564
1636
322
2074
6791
2441
9842
708
362
7373
2029
6794
5081
4005
7173
2972
8789
8319
1593
2189
3795
7114
8579
6877
893
9398
3921
3039
9187
9961
7593
2614
1247
5941
8416
9756
4622
3363
770
6259
1128
2914
2704
4850
768
5029
3085
6540
3438
3306
4986
7094
1831
6912
6897
6758
8601
700
2642
5236
7293
5321
1413
4170
3927
223
4237
3541
6294
2455
2472
579
5964
88
9797
6376
5424
6993
5356
4995
7374
5011
2164
9140
2505
9047
8479
2287
9950
7610
7993
1552
7065
1817
4115
5460
1529
1445
696
5882
2089
1280
8554
122
4993
5622
4215
1477
3098
3995
5732
6567
7300
8967
2662
6689
2703
2175
325
7178
7624
1504
3007
9998
8394
3970
2259
4958
8201
1571
2046
3382
5311
1370
8810
8614
3205
4409
2631
6510
3589
4224
7519
7641
1550
8528
2034
2121
5050
5294
3611
3599
1861
1340
5543
6954
6934
3272
3499
3409
4783
3900
1362
44
3986
8467
6532
9188
4010
5654
6965
4954
8828
9571
8432
6709
3941
9567
7459
4143
3146
2289
5017
883
8507
8375
2313
4555
1774
8585
4111
5976
4299
583
5695
3696
8454
221
3487
7374
483
887
8039
2819
2567
5648
7756
402
8950
1068
796
6479
4290
4396
3796
8853
6613
1469
4354
3869
4032
6063
9065
6370
8840
2606
2352
51
9594
6557
5142
8619
2836
324
2885
2584
1198
2885
8095
7283
498
9632
9257
3296
1428
8683
3112
9576
7633
4360
9299
1603
8097
6129
4219
7516
6126
3130
5363
3912
1070
707
9878
5357
3349
200
9000
4302
4218
7122
5606
3778
1448
6996
1454
9441
2971
9455
5402
3194
3154
3034
1548
5203
8407
2589
3294
1613
3407
4471
4805
5095
8680
8920
1413
5906
8019
8132
8826
9619
4633
1503
5853
1224
7256
7810
2365
1306
6187
883
6986
8969
4488
4260
1602
29
6468
7616
8924
77
1023
3712
4833
8557
9251
759
6215
1793
5045
6828
488
1393
8002
494
6605
9035
3469
5067
4515
1913
137
1331
192
1162
1577
3872
2326
9014
2999
8355
5270
6261
8152
2462
8748
6324
8442
7821
2661
8255
7388
493
9377
3368
381
9627
2254
5233
421
3029
7182
6820
2126
3255
3643
4269
8832
3180
3383
8420
468
1744
87
8618
7431
8942
8410
7286
9696
3940
7691
6800
3842
5357
2214
3149
6597
2071
476
8736
4939
196
6721
7953
6794
6539
5942
5146
8349
2813
2566
3560
3661
9472
2159
4148
400
9228
1452
8346
4092
8706
1421
7069
6428
2094
531
6153
7520
8409
6653
4358
9604
201
7418
4031
4249
693
4304
531
7641
675
5648
8441
1785
9713
157
344
8203
8215
1661
7177
9751
3029
7616
8165
8875
5064
8662
5287
2242
1809
5283
3269
6465
1981
9962
555
4310
8145
2616
7723
7915
4645
8475
4903
9106
853
8011
6054
156
1288
6571
4194
8649
3910
1869
564
3453
6274
5061
8653
7276
6067
8331
4558
837
2792
3473
6272
7548
8547
2162
3593
1566
8561
9829
3766
2255
9781
776
9479
7702
9974
2538
8558
3317
3306
5066
4789
1089
8772
7685
2083
7588
4221
6106
2789
2552
4744
677
6081
8617
6472
7518
5975
5434
1290
9507
7430
8935
2517
168
1904
6194
7484
786
5132
6400
2592
1665
6019
5298
9423
7561
3906
4156
7883
5280
9381
3453
9930
6380
4933
6310
3005
3905
3327
1184
5634
304
3513
6540
7485
9284
7942
502
6689
3649
6881
4808
32
1946
8890
2682
1255
2158
3681
39
2069
1923
4102
5159
4641
1270
9082
2645
351
2342
3750
4114
1537
7461
9894
187
4079
5885
5481
2256
1786
8477
9562
2456
8314
5179
6379
3602
1881
6325
5811
2785
9830
3298
3627
6438
9751
7418
3382
87
1499
6405
3253
3893
3990
4828
6892
5335
6649
8365
7761
3782
748
2502
5024
8832
3452
6528
5394
4606
4276
9898
2328
8387
2133
6769
5792
7608
8215
5613
1375
7851
4536
1013
2909
5400
9448
8099
3498
7184
8890
6891
4937
996
7445
413
4921
7861
72
4040
6647
3675
6247
823
1414
3104
5670
6888
7756
5952
289
4424
5727
4961
2438
4271
5098
2213
8322
1712
8346
8859
1228
5452
9873
8971
6509
5346
8943
6211
9348
1212
9943
1381
5095
3920
3005
6847
2582
3377
605
8493
9728
9320
3461
9485
5575
8468
7998
2681
5702
744
8532
5881
1978
8669
6005
5569
6498
4900
6791
3203
5567
5664
3258
5273
7768
2047
9943
1000
3893
3952
3889
4349
4809
6253
4888
1191
1903
2731
6470
6350
1771
3153
629
3378
592
1436
9278
1608
8059
8286
6424
9516
7566
2455
9003
6954
4536
8916
2645
7303
4492
5697
7998
1827
6731
6942
2812
2312
9320
7472
8350
2385
7426
754
9451
5481
3013
5625
5755
5115
1287
5982
1181
3335
5333
150
1549
6045
8077
9728
2015
4279
8606
8476
9759
1696
754
2881
2587
886
4650
637
1691
527
3343
6293
4467
6349
9137
4101
8712
6095
1508
6956
1981
6088
1441
1509
8166
846
4909
8196
2989
6940
848
5922
9097
8597
6802
8712
4550
27
5968
8145
2971
4378
2727
8986
7170
629
8417
9177
6604
2127
261
6727
559
3611
941
4298
6369
7459
5382
7603
5610
6309
9643
1409
5012
359
89
5389
7181
653
9982
9041
2938
4094
4361
517
107
5614
5594
5542
3877
3846
4285
6268
6143
8124
9894
357
7454
3940
6468
3552
2688
4723
269
8891
8499
5147
1933
2401
8675
2343
8405
5888
464
3464
7688
3278
5981
8631
8319
607
3436
9616
5108
391
4315
8021
8494
997
3388
9390
8536
7694
1642
3588
9117
6104
2737
4604
2713
190
2988
3136
2768
5534
9200
2453
3820
8143
7436
1041
6453
7315
5408
7841
1826
9937
955
9433
1024
2365
7883
5170
7352
486
4439
5753
5941
8371
9138
6912
657
539
4607
7515
9267
3079
9356
9602
4908
1329
6834
288
9281
3945
9358
9667
6964
1012
5729
3535
8242
4275
1464
9883
5926
4453
2800
8883
923
5144
7742
7482
5889
5073
5235
9982
4387
7873
6902
1444
6746
697
259
491
7214
2124
3395
1565
9989
48
5093
3397
1336
5107
9644
5187
3666
7502
3884
8734
7911
5379
8527
3282
5560
2841
3205
4441
3839
1453
6775
7649
3133
9074
3182
7161
6656
9227
4967
8296
4858
3242
6546
5376
5964
7147
555
652
3983
888
6550
8439
5168
1760
9008
7304
4301
1905
5672
803
8862
4686
8939
1364
5889
6185
3845
1898
6954
1771
6752
1728
3245
3581
7107
9466
474
7523
1846
5184
9046
8602
3997
1427
8941
3961
1957
4117
3337
5570
5510
2899
4963
8675
4831
3077
8019
2243
4265
4073
1395
486
7406
1495
444
5640
4774
1782
818
18
2086
9591
9339
5179
9873
4437
166
5564
9186
7211
8636
9803
1763
1283
7121
8773
4444
1086
8122
6804
9893
8698
3276
9353
5050
84
575
4836
4
8706
70
3038
1210
5829
9041
3778
1079
1810
1107
3556
9076
7756
6702
6344
2613
6687
762
7587
2543
2908
2145
2166
1564
1247
4585
1532
1446
9463
1107
9734
640
9871
7581
2216
4727
7272
8057
5939
1803
6170
960
8548
3689
9845
6436
2749
906
2279
8373
3257
5742
3797
2650
2381
8861
1798
7993
6466
3700
5532
7830
7273
3008
6889
4955
7236
2876
5230
8485
6857
9197
7232
5902
9611
151
3378
6263
4002
3498
8405
3119
4617
7476
6737
7921
8666
6505
4827
5528
8518
5436
8835
5972
9518
1168
5706
4641
4953
5636
398
2069
5064
5475
5444
753
293
4783
6140
1985
3731
2330
7338
1122
4943
9025
9647
6938
8299
6568
6484
9094
2831
8787
3187
7572
9120
6813
9483
3017
4490
1077
3076
9626
8903
7273
2904
1353
7611
2241
2711
9071
679
3829
2709
3571
4958
8953
4543
8708
5224
7812
2043
3735
3931
7788
8333
4499
5588
8258
8896
3348
2841
2261
2756
8602
8713
165
5878
3004
7139
8082
1179
6450
6260
7965
8700
5615
6472
5337
599
4123
5291
2771
4078
1795
6831
279
3767
5890
5285
6751
9851
7397
1909
8030
9314
8296
719
6784
7264
9929
7222
2885
7748
6330
4534
407
3718
1706
9419
7549
1304
1613
6900
767
3364
76
4569
4848
4282
5876
8976
2784
6367
1238
9520
9820
6572
5126
2997
1264
7738
875
4736
3207
1166
9635
7704
3633
2904
2815
4188
4484
4801
887
4919
3739
5713
1717
5064
8391
9677
5122
2932
5510
344
4127
6139
7979
7800
8776
5724
2378
2119
3792
8660
1273
5533
6518
9492
6161
2613
9905
8737
3574
8576
5889
1389
6105
8383
1221
3187
2703
7384
1164
2182
2312
5221
4086
5827
4597
302
367
6708
2513
2127
2393
3800
3217
13
4214
8987
6129
7705
22
2879
4834
930
9418
5180
6530
5358
5706
8740
3277
1672
2568
5234
4519
2733
1904
4898
3239
8132
644
9001
5081
1929
8033
1254
6597
2952
7963
8984
8456
4386
4971
7320
996
7881
3464
8117
891
3618
5861
8242
1262
6874
4601
9455
1760
8141
5038
1389
2389
3068
1774
3388
4537
6102
6596
8612
6654
8219
5320
1827
6399
3235
1738
5156
8313
6235
4597
4485
5977
5053
5953
5967
2993
353
6236
2396
7126
1432
3094
7300
4232
1434
334
3669
865
8839
8993
6850
592
4525
9071
8521
6218
7626
8721
409
3142
7872
9422
9022
1237
94
2735
9589
737
357
2553
1809
4169
7027
5351
542
9474
6824
1096
9846
2418
1968
9965
8948
6065
1220
1360
1812
997
732
4205
9567
1672
2982
6819
7925
6064
9451
7513
5877
3569
7249
1840
9313
9002
6107
903
3532
4918
6845
1618
7893
1589
9065
4678
5571
7590
4578
9052
2082
9582
285
2422
7827
5168
9752
2584
2103
9457
4298
3569
5280
9690
1767
9239
9934
5938
2389
4824
1513
6435
2879
3900
4515
3239
6176
7031
2753
6778
5557
2526
3645
3785
1613
133
9024
1165
961
2106
6519
533
2200
1837
9129
8130
1382
846
8331
3686
5368
3044
7113
9911
5340
2943
5069
2533
412
829
399
5985
675
7567
2419
3586
167
1534
4086
9312
4683
9073
8217
2842
6854
5011
1678
9103
2676
3145
220
7041
6909
7422
856
444
4192
7445
7210
6565
9256
601
4315
9626
5793
4757
8418
9305
9357
6246
8182
4530
6839
7125
9849
6865
6365
7861
4922
9751
5749
4834
3603
773
5642
6696
4740
8198
987
2130
4020
8418
1938
674
2865
2084
9764
9184
6124
9477
5522
9143
4224
2230
3315
7798
5866
2821
9398
4650
836
5621
6263
7729
887
528
4847
6546
9583
9330
823
6701
2178
2081
3493
8660
7117
2444
6523
9006
1756
1992
3690
5088
6456
3317
3829
8213
7156
2842
6766
8504
6965
9452
6552
877
5365
9588
6274
4785
2464
1163
7078
3251
8041
9364
7083
1066
7575
7712
3442
1205
1958
2526
8717
8892
4139
8653
9075
9707
5455
9384
6540
5510
3057
2230
6592
943
7095
5236
3766
2721
8754
9925
7689
454
4435
7417
4314
7442
1916
646
1269
1829
5976
8700
547
1230
6552
7017
2554
8243
1006
4294
468
6299
4819
3856
2596
1862
972
7389
8308
9812
8665
686
738
5892
6167
9258
7889
2098
5479
3784
9034
5596
3372
9063
7413
1159
6070
4330
5244
8638
1171
5308
311
9790
6079
7811
3685
7690
4748
6450
6991
2799
2333
6907
4339
5046
588
7110
5848
9843
9265
8940
682
9649
4235
147
7655
3521
7739
7078
7786
4916
1601
6806
83
5383
765
1658
9631
6468
7207
9041
9865
1291
6136
9908
7719
7586
9948
9379
9765
8774
4894
2809
740
4187
3828
1322
4860
8091
1460
3358
3234
4031
3635
1392
1053
7172
9595
8856
1670
9648
690
8410
3043
9586
7971
7867
8661
477
9054
9079
7348
4814
9815
9380
6268
8562
9031
8171
791
2024
8880
3053
6853
7568
8047
9507
7528
3515
8608
663
9525
2832
6757
2911
5244
7129
7965
3711
6137
9490
6877
6977
2362
2170
9413
8567
2129
3709
4373
8657
3442
4056
1234
7569
8435
2309
3342
84
6287
9085
5250
2546
6540
6161
8911
3527
50
1742
6877
5840
4464
1868
2269
4292
4591
6005
9428
4727
3708
927
9927
125
4220
9954
6017
6049
2698
8691
4988
9691
2946
3909
139
7203
2372
7551
7611
2762
9881
5271
4285
7943
695
4981
7968
465
6786
532
229
3913
3881
6258
7620
5527
8308
9015
1455
7452
5057
8259
8799
222
5277
6152
7880
1723
4748
1301
7220
3390
3152
9010
5040
3226
5666
836
3509
1382
9185
635
2119
9932
2117
9990
416
7407
4643
5669
8926
7906
1095
9169
3335
2235
1389
6486
7299
3051
9721
8030
463
6786
6781
6583
2327
5209
6286
2743
7987
5923
3958
6526
5364
6269
3047
6375
9904
7505
9225
3445
7070
3135
2208
8906
8656
6216
4571
7522
375
8633
4233
1157
3598
7751
40
5979
2745
1545
2230
4074
6664
4367
1909
3968
950
3789
9205
8992
5838
1970
4858
4947
9489
2676
3046
4301
6077
8599
2004
9994
3464
4001
4370
3906
6029
5869
7236
2179
9651
33
4237
2350
3835
5618
9845
662
4479
4010
1454
6252
4309
6363
1867
9231
224
9150
6322
4139
3911
6614
3454
4916
5146
6141
7058
9829
4267
415
7459
1948
7726
3696
4799
3677
5093
5985
7497
7216
1743
9795
6644
8658
5291
1227
1129
7932
7714
2907
1228
4182
9634
2648
4739
6571
458
6777
2637
7207
371
2653
2661
5821
8883
3603
5650
6067
6537
1557
1773
1150
496
7837
9081
5548
3928
9524
7130
6779
4282
9685
5674
5573
3403
5759
6911
4564
7722
1236
7023
6068
3912
3746
3209
6624
5612
9750
8035
2976
7641
6042
6503
4941
9113
4861
1453
7429
1609
2445
3507
1946
774
5743
3892
6175
7416
6993
8658
2666
7145
5769
9132
5787
1040
8045
1997
5018
4943
6781
2972
4168
973
5486
3623
2141
3069
1692
8059
723
3621
8310
3935
340
40
3739
3036
9875
9657
7746
5533
140
7926
3976
1333
6200
425
7628
9153
1570
833
5341
5101
1420
7425
8941
850
8635
9547
3299
5233
9418
1896
9316
9111
6803
8280
5271
6891
2850
2679
6502
3392
4143
5883
8631
7461
3369
8442
9873
3080
3789
8761
8146
5744
8385
1278
7675
3238
7186
9185
3447
1175
5810
6783
5084
2386
923
1431
1065
2627
6293
2814
1322
1622
1867
329
342
5014
3816
1077
7820
414
7363
9420
1125
2562
6832
2834
6450
5885
6442
4310
8942
139
4094
8198
7112
7205
2739
4823
3638
7604
6293
6531
4655
4841
5392
6805
5178
984
9653
5368
526
4574
3635
7184
6073
8327
2336
6619
5108
1528
7838
6256
1122
2150
3063
6309
3430
4570
2273
397
939
3536
8251
305
5953
6747
7174
4419
3008
975
3446
9587
5417
514
4079
355
1018
4971
2282
6658
5397
1959
9825
8870
5346
2093
7552
6470
6917
6626
4462
8737
863
6282
5808
2649
6217
7268
3615
7962
4941
1324
5045
3659
2384
7653
571
3545
1906
4240
5232
2413
4582
7563
3024
436
5969
7507
1348
1629
8160
842
8231
7825
3128
943
1638
2324
9928
7550
8036
2169
7715
3282
3659
3170
4820
7474
1000
8911
6403
7320
1994
7207
1291
6768
3306
7775
3494
7583
2325
7003
4256
593
5184
5422
519
7114
6045
7099
3751
6703
4985
5381
6218
7814
320
8898
9782
683
2132
8870
6329
2976
5473
9092
2334
7127
5462
8302
3342
4046
4125
9182
3538
7879
6193
418
6700
4300
8489
1667
7329
9734
5286
9701
5258
4576
5141
8811
6670
2591
3917
170
919
5048
5746
2323
1453
3272
765
7106
2407
3138
7359
1165
4070
8356
8077
5367
9863
8246
1096
7565
7669
5830
3732
9614
3447
4958
6827
1438
7646
5645
9
44
7265
9315
3177
8174
7931
7104
4699
5911
6371
6732
2420
6458
9827
6709
5423
4274
7855
5101
493
5983
4260
1278
8259
2639
7487
8649
5153
3557
452
3411
2579
4776
404
7862
9716
9905
8073
1524
2479
3975
201
4942
4907
9062
7220
3462
4927
5252
8175
751
9345
52
1984
1850
2940
2133
3377
7323
5131
5283
3395
4719
9109
6390
9335
2208
1676
7993
2394
133
268
9351
9241
1118
4412
322
9731
3212
311
2404
838
8355
5761
9926
6623
1117
3730
7842
5724
6362
5855
5385
1421
4289
7078
5935
2394
6408
7071
4042
5029
7936
2645
972
204
740
8408
8752
3638
8205
1138
3372
9306
3476
898
5534
1159
5815
9194
8357
8503
3918
3934
9756
5608
2351
9196
262
8674
4560
5210
1185
248
8963
4394
2960
884
9920
4635
8114
5841
293
2657
5647
8668
6791
5695
5591
9508
9756
8738
920
7301
2051
9707
9369
9993
3319
7495
1380
9713
3995
4042
8038
202
4090
2800
910
9524
2109
8587
5771
4471
5777
3205
7300
9494
9073
2543
4900
8059
6320
3014
9165
3893
4847
8070
9364
4875
2755
9203
1229
8109
294
1950
2954
7772
1372
7107
4809
6057
1511
3681
9413
9745
6199
8782
298
3980
742
3324
4761
8309
8544
351
9492
1026
6843
4730
1012
2282
8020
451
5665
4541
2634
511
7952
3183
204
8231
3803
9591
9087
8391
8722
872
5271
3541
2793
2169
7799
3465
8080
6932
3239
5216
1108
4255
4350
8665
7586
5380
4751
9588
7455
7299
2779
5372
8909
3565
6160
3745
3168
1295
3561
505
9012
8128
3497
183
4025
7459
3730
8056
9929
670
5984
6336
9249
7300
5661
660
6954
5748
1399
8197
3720
7754
1303
5452
251
1442
8725
1626
2045
2025
8342
5792
8376
9738
4810
327
3725
2634
1438
2311
8419
793
6963
3307
7919
9301
4920
3595
6110
6437
4899
4535
2624
7496
1246
1838
6854
6003
1537
6565
7417
5771
5682
9005
3441
2331
4120
4207
8066
2181
6992
2249
90
513
3329
7473
7844
9706
7446
3438
5797
9780
4915
2607
9156
6321
3647
8707
8227
39
9242
4494
8809
130
3490
4913
1681
5746
8651
1002
1534
8622
5496
6596
4353
4760
3056
4028
77
7685
5
2513
8126
6205
5879
5155
2910
8222
683
1524
6178
4195
6470
9839
3374
2323
4916
1313
1565
6085
2824
2097
3775
6062
2786
9808
1560
1766
3762
8245
5846
5744
4741
4367
1590
2483
2123
7597
4941
8939
7222
8693
3037
9251
144
83
5741
5457
4341
8636
2799
8908
4485
8181
5399
2394
5462
2467
6023
4235
3781
6222
1284
4358
8154
8662
1631
7827
3953
2295
3918
3412
6550
816
4488
2330
6569
3592
1675
6362
211
3979
7291
8429
9008
1950
4306
9218
5285
7240
5702
6240
8628
5587
1610
4032
4394
9149
7882
6612
3489
6440
2447
2373
5312
1842
1679
1034
677
8151
6512
3890
5327
6385
1904
1296
2727
5388
4527
4637
6762
2968
3735
9494
8668
2809
7071
9682
3614
9735
6193
3743
9909
9209
2467
5252
1047
7919
2287
7907
2926
3559
5151
77
3142
5205
2972
2586
2418
1507
1741
7197
2182
5504
5792
469
8982
6871
7063
4725
5235
9596
5988
3182
7111
4470
2656
6789
1236
4511
1038
8518
3154
8220
6382
8315
8169
1714
8650
3228
7982
1971
6776
3869
5649
8561
9519
575
362
5600
6008
1369
4404
4079
6886
6641
9691
6103
2659
4703
3320
7888
5723
5913
4456
9755
2426
9250
9953
987
642
229
2217
3445
2234
5086
9198
8069
7746
8579
2330
4467
9765
4770
6318
3749
7448
9686
3854
4874
6767
541
87
6202
2140
2356
9098
1040
5587
6116
514
5358
1799
9443
6060
6278
8445
1805
6378
1286
5009
7865
5357
4354
4138
2542
4261
5962
5803
5800
8575
9169
7064
3482
6970
8230
931
9692
2248
523
5884
9604
2862
7076
654
8719
5521
1510
8544
5689
7001
9558
238
4801
9026
3222
9114
6495
7946
2653
7143
7705
7630
2447
8768
7649
5018
8814
5515
7069
8439
1424
9594
702
5171
5978
3519
2913
2672
2442
4451
2077
303
9992
5596
4860
8514
1609
9168
2692
4376
9918
1729
3913
6330
2453
6072
2681
2332
7820
1499
7224
3977
2842
8291
9441
5906
8287
2321
8785
9074
5555
4505
965
3583
243
2069
8007
956
5390
3327
7464
2555
9287
7746
8618
4350
9265
3350
8929
2678
6004
7992
5431
1622
3773
1596
5707
7602
4452
2438
2993
9669
9068
8716
6716
7219
3856
8530
3160
9164
6839
621
8095
9225
6310
7475
469
2274
7787
5218
3614
4053
9967
4182
9247
9498
7129
5542
5587
5928
4975
5393
5458
2731
990
4605
8853
2730
3361
2542
1644
9171
3213
8569
5285
4769
2499
8879
5060
5712
5343
4301
9015
9521
4891
4108
4288
302
9801
1602
3580
9892
488
7115
2479
1068
2351
4954
3065
7746
165
836
3166
2244
3611
4503
5267
8285
8368
8226
2955
6724
17
953
4024
3235
8538
9917
1521
6925
1403
4520
5503
1219
9237
479
7413
9611
6539
2706
3106
9006
535
4277
6136
7669
9392
4416
5668
4109
2487
9878
3345
9818
6404
6635
269
7575
4932
2135
2413
671
6450
414
4568
4255
7990
3728
9920
6216
2212
856
9450
3570
7098
3406
334
7381
5988
6911
6189
4344
5823
8676
227
8681
2524
1586
5427
6730
9576
1414
4554
6588
1465
7915
3875
1943
2763
1394
2241
3724
2955
2138
6420
8730
3426
7064
7964
7863
8940
523
2317
2864
8493
6586
9762
9658
6169
1356
7544
8891
4355
2585
1329
8544
1926
4578
9526
7806
1008
8978
4466
892
4143
2249
6140
2615
7870
3609
386
3422
5974
4758
2981
3510
4633
2984
2796
4873
1724
4855
9174
8459
6640
5903
7984
4244
5511
2287
4966
8092
6270
8724
2610
1435
1664
4149
8361
6843
6356
2115
4707
4872
3376
6975
2918
1280
9145
899
2818
6072
4283
2235
8496
4904
7043
3700
5356
1755
989
5497
9233
1276
2546
3546
1317
76
636
468
26
8169
2429
7958
4540
6993
6979
8689
6167
8278
9539
8439
3947
1599
9478
4993
6914
4388
7674
3780
7594
3202
1656
2219
9391
6890
7095
7667
489
1235
9855
5393
4205
8328
3569
7274
816
8617
9207
522
6344
7689
8599
3407
8066
8198
4163
6164
1689
7117
2976
7909
443
9287
5369
19
3126
9388
5355
9373
2098
2226
7861
7741
9943
3924
2339
9386
5149
7876
3139
4286
8436
6350
6083
4255
1660
256
916
6111
3683
484
2556
1610
2130
8985
9830
3306
9460
118
5732
7537
382
5922
2853
6321
588
4917
1629
3240
1963
6494
6813
6636
3681
6753
3846
4297
3518
2000
8460
6023
7018
4665
3782
84
2759
4269
6847
3915
3050
3004
432
5891
2159
1607
7195
7072
1081
7157
2092
5335
1067
5172
8153
5192
2489
6866
2101
8190
1968
1499
4503
658
9946
6704
3820
1
5331
5990
7066
1067
8873
8021
476
2029
3215
3405
8299
6311
2504
6168
9694
1041
82
7194
4116
1217
284
6873
5512
9979
3470
6816
5716
9467
3450
8543
2744
7267
3856
8025
5098
8791
392
7454
3558
2213
8072
9034
6436
4440
3924
2492
2877
4942
7921
7900
6262
7696
7292
7514
8326
2924
1562
9476
3332
2699
3963
2234
2433
7829
7746
3113
7689
3480
6876
7879
5487
8334
9651
8028
3453
7330
3951
4536
382
9765
6166
8543
8960
5533
4591
677
1660
7709
9919
7208
3969
1267
7039
8939
8975
4707
7622
4598
9894
9219
5447
34
679
3626
9734
904
3927
3526
4090
770
761
7361
7328
7594
4791
656
1220
1004
3975
6650
4900
2602
7339
6779
3331
286
475
7243
5584
2421
3656
6491
12
9869
8499
1900
6748
5291
6725
89
6661
5505
9551
5413
2985
1980
8935
3999
2157
5780
8564
4722
1587
3875
6860
4450
6385
4445
395
9393
783
1290
9489
645
2603
6487
5058
5609
9841
999
430
9069
3364
3223
9630
1657
9322
5128
247
188
4530
7848
171
3622
6224
5511
8434
590
7526
8669
4990
7161
6023
5427
9774
4560
3299
8440
5219
6283
4238
5334
8342
8372
4845
441
7223
5328
3338
4572
3919
857
980
5714
9095
8118
3650
3041
238
2879
4676
6725
4003
9490
4108
9185
5189
3704
3322
6536
664
1590
9900
8300
1569
1828
4591
1113
2397
6544
3149
9056
7878
2438
1788
8834
6607
5672
5616
4195
9095
5233
2725
1206
1030
4455
3145
1603
6126
7819
17
3548
3042
2905
9805
6113
7521
6516
7595
9913
6842
1025
7178
2292
3486
6788
4593
7098
7757
2682
2814
9300
511
3600
7351
6434
7642
3842
7429
5555
3961
9260
9816
1849
8207
7711
9309
7630
213
1854
3444
8466
452
8918
4943
2575
5266
1006
2025
4487
5644
524
988
502
6471
3074
5919
5892
9207
8639
4630
2401
4902
8538
4291
9099
1507
6639
9900
3394
5212
3463
6669
3704
585
4381
8478
7920
8039
6312
1824
2866
6022
2991
5920
5107
3040
3739
3835
5569
2268
6465
8658
5475
4371
4999
4245
3246
465
95
8152
4141
9461
1809
378
1713
6056
3022
6267
2080
2659
1116
9490
3006
997
5128
7849
2886
2244
4444
6719
6324
2683
9721
5678
3847
9700
2127
6253
5304
5852
3735
1183
1567
2563
4506
2221
2444
3910
5590
1825
7132
184
5993
218
7427
7395
4368
7108
5534
4311
6214
2877
6624
3486
8087
102
8322
3743
6756
2026
5207
8902
7547
7430
1658
8336
369
8052
9906
7556
9462
173
1027
7316
8801
9522
3873
1354
6141
1928
9026
7275
1206
9257
2692
5068
8771
8734
7157
7750
9788
9627
1891
5367
3705
607
386
1900
6925
2083
4853
3833
5387
4177
135
3117
7844
1492
2
1874
9750
1300
3600
1191
6464
1005
5750
549
5970
3442
7786
1804
2840
2174
4735
1576
910
5944
9256
8281
1768
1738
3646
117
7269
2441
6352
2901
1254
4502
3486
1110
5855
3689
243
5302
2406
5617
3366
2737
1366
6553
4523
7244
4534
8329
2393
1605
7461
7506
2604
75
8260
8038
7358
1349
9960
9199
2640
9886
9453
9286
6985
8294
7094
469
9254
1112
3943
2728
9314
5496
1724
3763
1898
4285
7772
3549
9042
8686
8214
93
2468
8483
9091
602
3024
506
1758
6759
5487
7579
1360
5585
1374
4868
9323
8199
125
9310
9362
2543
1868
9525
5186
446
2109
5233
6632
5546
2552
2984
4053
6219
748
8786
9039
6575
1156
4813
2364
6398
2114
1171
511
3424
6217
5646
6332
4476
319
6944
332
8816
7107
8915
2085
4139
7244
3098
9591
608
5040
1851
220
6624
5491
9464
5694
9814
3662
8330
7366
9510
5401
9437
4263
1629
5984
6778
4631
9003
3467
8834
8399
9946
2363
8823
743
5652
8635
9741
3286
602
1659
2996
1659
1939
8157
5125
1068
1711
4726
7376
2843
4835
1178
2752
8242
4415
7537
7390
7323
446
2024
1766
9279
4167
8025
1541
2278
5499
9505
6499
8484
9304
8667
3583
7020
7299
7726
8084
7522
1311
3589
3238
1504
5206
7292
3027
3261
3454
7049
1131
3813
5226
1104
5376
7188
8657
4440
4086
2031
4973
420
6686
271
135
282
2760
4973
4311
2954
2908
5563
2880
7956
9844
8532
2163
246
3570
9247
7591
9531
340
901
9875
8043
5579
5689
6898
5697
4815
4227
291
3221
2476
3167
297
8556
837
8770
686
1303
6503
9055
3274
9128
3021
5277
6698
6081
9026
725
7084
8368
6303
2014
7046
5585
3879
2433
9048
3312
7557
8587
5015
5445
130
8958
7995
7094
8241
6490
3906
77
364
7277
316
2712
8232
214
3949
8291
3176
6273
7193
7791
8995
1155
835
9978
1040
1332
1020
2191
1207
1782
6781
6340
729
9343
333
4019
8121
49
6776
8073
2878
5825
7245
7296
1292
6091
2621
5734
3045
3739
1242
8488
364
1159
2103
3809
2864
2075
6187
4917
4840
1573
6797
8337
8466
3863
3134
8219
3145
4981
3405
3198
9678
2189
7109
8585
506
6239
6495
1815
8184
5379
3928
2145
8550
9681
458
9945
8620
2063
2919
3711
9241
3644
2011
1897
898
7617
8850
3536
4890
1235
7528
9578
982
7080
4629
5021
3678
9471
4240
1761
2470
4658
6237
9017
3909
1531
8961
3597
9913
4857
570
4349
9554
2562
6276
8004
834
8295
9505
2166
9307
6349
7909
2645
6475
3728
3300
7836
3894
8036
1114
3740
7412
6291
3956
7936
3686
7096
5592
4255
577
7649
1969
5338
9091
8197
3250
2096
9654
5963
3508
5454
4259
6911
8613
2387
6346
8077
868
6681
7590
3822
9514
7652
1325
123
8162
945
2880
2578
1130
6877
8023
8241
1596
2919
3165
7186
9404
5363
251
1776
8147
6571
3349
3234
4787
9606
5198
2661
7113
4471
5887
3243
4549
334
5542
8363
5284
3978
8014
6571
4050
7765
4653
7557
5339
5996
9357
8009
2852
7752
3326
6809
7197
9075
554
6101
8448
4520
1604
5019
4445
651
9276
3386
7315
8968
6822
8939
936
8728
4709
8020
9381
4632
8820
8828
777
5749
1726
7378
5673
8892
2824
6482
1578
3247
6706
2821
1412
936
8847
6043
8075
6581
7020
2800
9932
5502
3469
6202
577
6161
9664
4569
9189
7498
4352
6567
7118
4970
5460
7774
6991
7750
178
2489
9188
7398
5012
1466
3034
8435
2289
2530
2147
330
7203
7493
1957
7818
5902
8480
3331
8599
8376
5858
1266
860
9299
6305
5593
3096
3414
4057
7073
6857
9649
3646
2604
2848
6775
7665
2388
9417
7311
5402
41
6439
5467
7095
5662
3244
7587
3720
791
6350
3014
8258
5102
7618
5318
6570
5513
3247
6824
5477
4506
9569
5086
6662
2831
3987
2095
4797
1469
2780
8914
7049
6908
2499
732
6621
4648
8734
2599
1121
2933
1009
7403
8320
4367
2117
9750
7697
1818
5911
682
7731
6140
8004
8175
4618
1853
8642
7040
8508
2001
9701
511
9326
9211
6172
3243
3181
5325
3611
7192
4234
5822
8428
5844
8071
7243
2107
9604
622
4863
8276
5416
5281
9385
5475
2159
4776
8089
9135
6566
5898
5016
9894
6706
1640
1507
2191
2738
3559
746
2315
8051
6204
9367
1203
541
2092
5457
8077
3099
3413
7617
5915
8181
4272
7100
5656
5531
1865
3000
3366
9113
1163
1303
6323
9333
6635
3978
9278
5854
7306
3461
1228
8613
5932
684
8210
402
6326
8733
8726
4142
4920
4912
5515
7181
1958
4520
5341
5667
1245
9443
3779
4911
2587
8632
7646
782
1665
57
9783
2964
5413
4057
6673
8232
7900
5670
7785
3771
6942
9767
6667
5955
5374
9899
3596
5748
2048
124
498
7779
2986
2356
5117
6773
7356
3125
4740
6075
1579
6304
4021
9730
8798
3654
2915
9231
2163
4513
965
7217
3052
6888
6537
8097
7410
8761
9183
4324
2467
651
9428
1257
524
6062
6151
2158
3451
9026
5257
3346
2101
1217
776
7579
9351
7089
8201
6045
5215
6104
3441
7586
3983
4454
6484
1601
2888
9307
4723
6636
3728
1188
9061
6252
9532
8038
5135
7207
3717
4148
9915
9974
179
5587
8880
5511
6289
7761
9703
5066
8433
4634
3782
7364
7142
3835
9019
2439
7611
6824
4496
4821
1307
7087
4885
3977
1990
809
7125
7131
705
1272
6909
9947
6942
1646
5716
4064
7063
166
6007
7457
7934
4290
295
5975
1676
5578
8982
7691
4619
1922
8301
5578
41
6256
5879
8077
5626
7261
4969
4867
9302
3251
8752
5
4600
8573
7254
4559
6709
7335
6910
3147
5767
9065
4345
7462
1244
7808
8831
6892
9139
8898
24
2691
6097
8794
1451
527
6184
4513
4297
5572
1076
852
5994
3992
4148
3466
9563
3398
1758
7199
5537
8144
35
9514
2705
4531
8025
7014
3746
2471
9062
8401
9885
3434
2516
5177
1251
8230
8634
6343
3219
1306
5903
6492
2583
8113
7370
5442
9275
6405
2138
8835
1999
2919
5889
6398
9703
4837
8107
8485
3480
2631
4273
3719
1661
4205
7782
8379
7815
9967
8964
4168
5819
5339
4572
1029
2950
2637
6642
7542
1843
5239
7905
2284
5260
3156
937
3483
1932
4668
9323
3961
2539
7425
8088
3062
7639
2508
2097
3381
1737
5316
4525
3572
6563
2152
1285
4191
4204
4504
3597
4981
7434
7031
6398
6170
4588
5033
5992
670
4512
4427
7529
1191
2914
7378
9808
9791
6920
2789
155
8241
2625
8661
8829
9492
8479
165
2429
8227
7208
8384
4936
3995
9397
7543
2462
8732
7038
6299
5614
5168
4528
6922
8067
5898
8759
2538
5960
7893
6133
4817
9120
4292
7536
5741
1271
483
8073
8171
8062
845
3475
7153
4282
8821
9996
4942
7706
9905
3106
8131
5257
51
46
7933
4372
6639
4927
6510
5187
3627
8616
6438
4635
5499
9769
3651
1619
9494
5405
7007
9802
1291
8370
4702
4722
2934
4689
4301
583
3339
41
6280
1691
3258
6803
7530
5038
7909
7613
6905
2620
5976
3659
7601
3505
8343
8670
8903
7706
6544
3286
6100
3278
6123
3049
1495
1202
5617
9127
8624
5599
212
4250
7789
967
9500
364
8628
2843
8349
8031
4990
8649
3899
3974
8449
9831
9982
3426
9316
9885
5511
1970
3001
2696
5413
2527
6445
5154
6098
2489
6065
7157
3798
2089
3585
4559
3722
8165
1916
6871
7159
5074
5536
4112
6320
7207
3385
7394
5058
6898
9537
2163
6124
4086
5112
9592
5586
6265
5202
7793
7073
4490
3839
873
4475
1223
7434
1008
9046
109
294
9046
2804
3197
4276
2303
6210
2444
7117
9079
7116
6586
3571
556
2279
1845
1889
5022
9012
4611
1592
995
8413
348
6799
921
3757
891
7468
5741
8129
3141
8479
6798
4837
8420
3458
1570
6220
7344
4514
4322
3056
4932
7276
3422
7793
1743
2512
9662
1898
4912
6372
6989
7344
5137
9382
6012
19
7279
4781
4592
7779
1781
3289
9115
8792
7950
2038
5576
2988
3199
3229
9895
945
485
7334
7501
1183
7169
7414
853
5273
843
5890
9247
801
2522
547
5801
4298
4036
8627
3343
9894
4378
1307
789
5866
9433
1118
5979
917
4394
5513
7587
8046
1962
8491
8179
7558
5124
4239
2884
4171
2973
5572
3494
2082
5771
5452
1856
8052
661
6775
6087
6858
2450
4242
349
8620
7745
1426
439
3641
6507
8843
5054
7449
55
7502
8386
5991
2743
8379
6217
7755
5482
4256
2683
5327
4990
1854
6403
3067
6550
587
3888
904
4132
3400
9221
2555
6652
2396
556
7091
187
5242
5064
6387
7253
4091
6771
7244
5890
9054
8264
3178
7574
6565
7660
2849
6361
9598
8756
7632
2213
297
4394
2756
2456
4048
1658
2238
3556
8059
5515
6414
9492
7534
1740
9536
8732
1850
3452
1283
126
6564
6223
2309
9385
400
2280
7225
9442
6919
8098
7593
4098
8577
5087
3147
2588
9489
6315
3543
1402
9328
562
57
5990
9911
202
7530
4284
4269
6798
831
8964
3191
164
390
5048
3329
6452
6846
2401
2825
5085
1052
9681
7317
3127
6037
2009
8108
6332
4613
996
5132
3259
5254
6628
7469
1413
7494
6028
4858
8616
9887
2559
9424
7873
1508
2406
5984
5901
3407
7956
2317
5934
2777
8401
7740
7344
9482
7006
4175
3637
9879
7924
1314
4002
4986
5361
2493
9968
4382
4907
7066
801
945
635
5269
4541
2365
7343
9421
9587
6442
8423
3042
1827
7631
2365
5734
7330
5335
9021
285
5631
2530
9296
109
3775
2612
2390
1985
813
4711
5539
7140
5846
386
2763
4426
9290
7772
9258
2730
3881
8958
6859
4999
7262
4411
2771
8649
8226
7322
2224
8720
4939
5620
3646
8428
5722
5938
3937
8702
2169
1519
986
9756
9118
7289
2606
847
8741
746
7144
1283
9622
5520
7793
4309
9164
9085
1521
5474
3413
5068
6661
3179
8058
2672
4143
5654
8796
6535
6319
7395
6172
8515
9594
5517
3661
4344
1000
7003
494
3332
7502
9967
6102
9909
1155
1108
1961
8564
306
1146
2281
1551
3887
6254
6106
709
4051
8054
4179
3739
1884
5704
1416
7441
5228
1284
3350
433
7452
5980
3335
7276
6406
2385
5808
2995
1629
7061
9278
8899
8256
7471
1544
7697
3445
7034
5996
9212
3127
3643
6104
9545
7429
6251
7052
4171
7619
2692
7150
6685
1620
4233
6258
1384
3857
9998
3095
1317
6369
1845
7268
3879
3205
4656
1045
376
14
1660
4655
9838
6718
5785
5924
7094
8533
8516
5986
5528
1749
3852
5352
4339
695
8865
5827
8905
893
1242
1662
227
5954
4300
9491
8742
41
7222
9565
3727
7213
157
7293
6296
334
8549
8886
3315
7074
3986
4687
4482
4555
6420
6190
5122
4581
6717
5954
9808
6342
3732
4350
9393
9222
4992
1359
4919
610
7141
8429
4096
2763
1599
3766
533
9335
7992
4039
2851
3347
904
1881
6747
8157
4281
8194
5740
8936
1341
7033
9582
6592
1720
8405
8287
4778
2580
7060
9292
7312
582
7018
5940
9961
8677
9511
4766
8619
1198
761
8191
846
6768
5094
8572
8979
1310
6908
8819
4955
1230
1473
5140
8143
722
9201
1679
994
7498
3749
1342
6021
1852
7673
7368
99
8678
7347
1700
2034
6489
5087
5721
971
7030
5561
4186
8544
8007
3919
1363
1793
7737
7775
2630
3534
4754
4133
7736
4245
4039
2574
4504
6107
3580
7140
6231
5677
6555
7810
8386
3839
7049
7095
3829
9653
4542
1010
8202
8400
4727
7885
3000
4536
1691
2113
5365
6785
9925
6408
3290
233
869
8404
9459
5276
5240
3090
1222
6485
8404
8367
9671
469
9589
9664
1211
7535
9126
2184
5099
4120
3327
1497
1333
4541
1973
9795
3730
345
7789
9097
9577
3492
276
3115
3386
285
470
2977
3553
9585
6227
9639
6089
5708
6292
3382
6528
3471
6701
4791
4941
4923
2130
6294
5296
9444
2275
4876
4242
7454
8152
4979
4419
71
4412
6676
792
4943
8664
8250
7197
4110
130
2383
9011
6786
7021
7039
6084
7736
3222
4981
1302
6636
2561
9998
8781
7062
7225
9735
5994
7181
4422
9435
4882
1098
2372
9035
5339
7763
9262
7867
5637
5244
7922
6965
9981
8131
9052
2741
5979
84
4639
605
5871
655
832
5574
6216
112
2466
3608
2832
1469
5998
6831
4096
5504
2583
1224
911
5662
8626
9858
4088
6584
2984
1229
5733
1916
287
764
1046
3351
2174
7638
6735
8921
7877
4348
6500
8131
5484
3804
8076
4162
9357
9504
5057
1243
3245
3260
7740
9436
599
8945
7077
3026
968
7944
4342
5538
1991
2454
869
938
8841
1712
6590
4446
5726
5692
6725
4281
3426
2172
3082
6783
2880
6754
5719
1089
189
1870
1362
355
1413
489
9257
4658
1942
6883
2246
9637
7403
3437
31
9628
5085
6056
123
8836
9558
9439
4289
7697
6926
190
8086
6121
2835
9838
3588
6392
56
5752
2512
817
8055
7234
8809
8202
2281
7431
244
1522
1643
3757
4194
4395
2213
2145
5287
1784
2490
1105
1791
2497
2352
2953
5815
6695
7434
2965
2514
6617
9026
6148
9781
8666
3740
5536
8065
2194
4111
170
7039
8940
9619
4925
2026
1642
898
9027
9664
900
6303
8262
939
1162
2329
4636
8202
7736
3137
2368
2924
3644
5275
2630
3950
9203
8692
3678
5641
2752
2086
3009
8261
6265
1112
5901
9720
2246
7922
6792
1636
2189
38
1022
213
650
3454
962
9707
8009
7004
2975
6022
5403
7998
408
9116
8331
6223
2080
5257
3884
1735
2337
6260
3991
3947
6852
7658
56
936
2074
8143
7970
9923
427
4178
8163
8492
4812
8197
605
2534
8547
7716
9642
8994
6424
7049
6770
2765
9070
7097
1655
8945
143
6934
3455
46
8595
7433
3672
4387
4879
8985
7472
2341
3750
2047
8910
3601
7453
9509
4611
8791
7994
5676
6576
9279
1547
647
3834
4000
5783
8677
3242
530
6166
8987
8233
9754
2227
9310
5130
8940
8087
8205
8274
5204
1049
517
416
1620
3883
1804
8678
2930
7133
1920
5911
8819
7667
8939
9147
8680
4692
4821
4341
1192
6788
3891
6348
9223
4276
7505
2811
7267
8910
1437
4524
9138
1352
116
6611
8627
4774
3042
7066
5744
7936
2749
3784
5370
6448
4037
6290
3205
9101
8341
4103
8914
1919
3458
9888
1687
917
3885
3561
6340
546
1616
9502
6606
5017
6252
153
3355
9585
3213
6123
5832
3982
4483
9378
2024
3394
2916
4726
5145
7838
4232
2180
6905
5959
7071
1932
8165
6999
6531
711
4590
2953
4367
1829
8874
8063
7980
8265
5273
5198
4635
9592
3200
4460
5045
8214
7749
2329
9819
8950
4117
8717
9316
5263
5847
4594
1419
9421
3998
4603
3526
5490
9247
1260
9645
134
8621
2563
871
3769
1734
375
128
9304
6731
8431
3939
2312
8448
4514
7677
930
8129
8148
4458
8724
8557
3088
7119
2223
5543
1330
4059
6200
7035
9805
9235
8974
5411
3176
5584
5734
8931
8039
5252
4831
8164
2647
1291
5402
8154
2808
7900
107
583
7609
9544
4442
5777
1748
4837
1080
4207
8393
2073
514
4111
7197
8968
7950
1004
5251
6085
2140
3400
3378
532
9884
1008
3089
2080
2466
6995
9366
776
4454
1312
2839
2741
1295
3924
2149
5101
2713
7004
2385
4770
2156
9702
8845
9164
5129
9838
7674
2292
1144
4705
8552
6016
4026
1620
8808
6065
8358
1029
5805
6549
2443
569
2287
9001
6124
660
3611
9267
5996
664
7198
6403
8336
8512
2028
5749
6336
9046
2220
2649
5727
6506
2761
1333
42
2070
9226
4270
495
4419
5873
8508
7298
7260
4579
350
3841
8830
2206
9256
5132
1632
5676
7731
9816
6647
4657
2803
5804
7320
7530
5178
1192
5192
1900
7294
8584
1870
4818
2970
2891
3147
8085
2815
5471
7140
3869
2218
550
2264
4640
4865
3887
7766
6145
7559
2598
7743
3102
1730
2679
2021
5275
2615
6969
3673
3081
7924
7252
3175
7719
9223
8367
7046
4388
345
6339
6064
6864
7617
9850
5716
1974
2261
2987
4491
3611
1221
5763
3445
9897
6963
1662
873
3247
4381
3720
1802
4999
5996
8589
1354
9726
7453
8294
1513
3195
8346
9377
9764
1434
6144
537
4468
6791
3913
7608
4820
2969
2555
2445
7484
2494
6689
5211
5821
2326
6406
9172
5161
1805
6971
4553
8814
3784
3816
4255
8780
3762
2582
1371
7173
8265
5535
626
622
8779
3078
4869
4484
7199
9739
8719
7866
5192
5448
5161
4565
121
180
811
314
93
4205
1857
4590
7231
3596
8052
3572
4703
9194
8884
6014
9982
7238
7210
7058
6540
8822
7669
6574
3199
6144
6241
4521
1373
1197
4014
7578
3254
6065
5647
5118
585
9613
6136
3947
3286
2823
4793
3644
2197
7927
5889
8989
4719
9812
4735
6058
2773
7086
9016
1795
731
8818
9281
7823
6518
1106
8017
1902
3066
1003
9840
7213
8159
7637
5393
8352
3821
7569
226
2763
2126
5402
8930
7594
2689
70
8100
3104
497
4831
8314
8795
8952
9049
3097
8407
590
2770
5469
2598
6529
6991
7410
8829
1649
3302
4542
5813
8888
745
6071
8363
2224
6478
9276
5612
7347
1719
8789
4576
9346
9822
153
9572
566
7293
879
9234
3956
8195
5330
5729
4594
1484
3317
9885
7293
7872
3837
465
3001
167
2482
8232
9355
2354
8335
7100
8736
3271
9475
2938
8091
3977
4724
8882
3468
3355
3639
159
1791
7686
1181
6333
913
3691
1511
2677
9638
7262
9735
1343
6070
1023
8734
4915
1211
635
6208
3885
3716
2493
7829
252
3373
1858
6348
7589
590
1980
2039
5410
1134
6417
3449
4839
2164
5841
8081
929
3560
1517
6359
9333
2334
5488
9157
868
2161
6066
4506
5838
7303
3658
1404
5773
345
3248
601
7184
9649
743
7183
3894
4830
1041
9513
3228
4636
9695
7780
9787
2716
7277
5623
1124
4251
5748
1738
896
83
1513
6357
5033
8288
2859
8563
3254
1979
3400
8989
1860
2709
2760
3315
6661
8988
7204
8362
9195
5175
831
99
9951
7100
6726
1525
7615
2241
6637
7553
8824
8582
3474
3428
7671
5556
1971
3397
8744
1683
3549
5007
2650
3331
1264
4014
6994
1811
8127
5126
7738
9007
9387
1818
9158
8306
8804
1823
8956
9694
7670
3293
6837
2934
3910
7757
7222
2246
899
4666
5361
837
6679
3373
8279
2366
4909
1300
1309
7137
7348
4503
7635
4969
6542
9044
5539
9049
8853
2556
1390
7184
6928
2063
1481
2767
1286
7513
7814
8451
2356
2429
9102
9646
1712
6625
1251
3777
1814
5674
4540
1812
5072
5986
4951
4658
1229
6787
6992
2047
490
3423
6597
5281
1901
2837
961
2293
5950
1742
4322
609
4544
3727
7623
2069
8209
2045
4329
4604
2928
5869
6490
6961
1340
4685
3207
6112
2356
1891
4837
6367
3279
8516
2464
3600
4449
5163
9341
4184
160
9328
5277
8205
1001
4896
8485
4361
3865
3428
