311
-205
-485
-182
-381
33
-472
-649
-507
-98
-796
-634
-802
8
-242
-348
-78
-268
-567
-770
-315
79
86
-798
-304
89
-68
-252
-651
21
-487
-14
-694
-844
-242
-873
-584
-769
-352
-728
-504
-728
21
-314
25
-320
-794
-448
-31
-95
-232
-319
-214
-191
-837
-378
-498
-152
-837
-731
-523
-871
-237
-528
-477
-52
-437
-757
-885
-352
-114
-238
-380
-432
-9
-165
-748
-748
-218
-543
-767
-632
-757
31
-218
-31
-518
-246
-380
77
-448
80
-318
-269
-48
-660
-599
-790
93
-60
-875
-578
-853
-145
-74
-21
-624
-709
-232
-837
-290
-131
-1
-783
-411
-363
-197
-749
-104
-103
-855
-391
-39
-609
-687
-456
-145
-596
66
-456
-619
-29
-343
-405
-882
-535
-641
-692
-169
-125
-229
-431
-705
-369
-476
-178
-695
-22
-155
-260
-462
-715
-148
-5
-694
-774
-88
458
-93
82
-22
855
6
144
758
418
457
398
97
91
444
890
-27
833
684
36
515
7
197
49
776
461
450
762
187
455
798
702
653
156
532
767
667
865
557
376
871
12
463
378
177
525
318
590
357
374
88
750
231
500
203
288
370
608
153
198
616
501
461
-1
14
523
799
803
669
622
504
291
-90
724
146
83
409
468
485
866
834
-34
202
805
583
588
677
-3
290
-56
526
601
775
9
648
58
357
485
341
310
556
273
29
830
65
513
-69
296
627
615
480
54
159
138
65
54
119
675
569
400
87
39
531
-44
-15
503
799
816
331
-21
723
297
-41
198
-91
419
-15
744
469
82
62
161
167
743
665
315
633
-18
-86
345
509
858
791
421
751
233
