11,1165836 14,1029917
10,6971306 14,4194323
11,5294126 14,9986701
22,172422 24,2279216
11,686865 13,6353511
10,2206658 16,1594838
11,9541128 14,5577495
15,6854171 23,3589346
11,3958091 14,1584971
10,9820546 14,454958
15,3540333 23,9794832
11,7865111 14,9071454
12,0772861 14,0340861
12,2968283 14,4469716
14,63571 23,3060232
11,5796635 15,5721294
10,8763727 14,0650517
12,174527 15,1739449
20,677202 25,5657622
11,8470443 14,5280639
13,6058937 24,7488447
12,4238593 14,1522352
12,0082287 15,0324406
12,6298508 13,807758
11,787478 14,2409339
15,3274679 23,7596841
10,9977545 13,003092
10,044393 15,6897847
11,4215829 15,7641637
14,3219369 23,7213624
12,682663 15,3411394
21,4075233 24,5295223
14,4740788 23,533963
11,894513 14,439439
10,862795 14,3945414
11,627048 13,8833309
11,8206637 14,0777294
12,5524444 13,8347839
11,7622595 14,9853232
11,1992543 15,6218154
11,9379034 13,9561934
12,9907848 14,0958722
10,7928009 14,7157205
20,8834676 25,6198073
11,8480003 13,9858384
10,967154 14,4972867
14,524529 22,3586464
12,1622894 14,4193087
10,5130697 13,4411232
14,3619256 24,1156115
21,1592668 25,085443
10,6917534 15,9363347
12,5711689 14,4795698
11,8058088 15,5965925
15,3066982 22,9713893
10,7849113 15,2659752
12,4819076 14,2847808
14,3682196 22,0775014
20,8337489 24,713563
12,5141455 13,8535424
11,9644194 14,1937073
15,33827 24,8171514
20,2047393 25,454529
21,7720574 24,2766081
10,9563882 14,3653335
11,1801565 14,3406702
12,1047741 14,1921931
11,2848772 15,1047664
12,4257829 14,5522221
10,162318 15,6731132
22,1770249 25,22795
22,8420046 24,6460202
12,2758573 14,5299145
12,2537572 15,0618676
12,2840789 14,5733156
21,8127945 24,2936896
12,7677354 15,3224112
12,4672603 14,7344382
14,7552271 23,0794144
11,0602715 13,4461187
11,3010499 14,2925426
14,193596 23,623886
12,9210592 14,477943
11,8327589 15,0463985
21,9567465 24,5824734
11,9334753 12,9145349
14,7653622 23,7151495
12,5025691 13,6242084
11,5019137 14,5238011
11,1429647 14,9954942
21,7363058 24,4133714
12,224689 13,0668829
14,3661354 23,483024
14,9818154 23,0985874
11,7981735 13,550541
15,6014804 22,9445453
11,4323635 15,3237276
11,8155155 13,4192443
13,7329526 23,9923981
14,6275088 23,5024317
20,7648914 24,8970741
11,1453556 13,2739594
11,1257317 15,0692735
12,282847 13,6483281
15,6960082 23,2481939
11,9512831 15,3558758
11,7058656 13,941221
21,3366831 25,4485233
20,2747684 25,60901
14,7612671 23,8297936
12,6157595 14,1041872
11,6701761 13,6555256
10,2810933 13,9333134
10,9558833 14,0581823
12,8635608 13,778977
10,8713315 14,4878706
12,4215591 14,539881
11,9270518 13,6707899
20,5824277 24,2007527
11,4913354 15,0267699
14,361529 23,8452753
14,8795751 23,0175439
11,0773883 13,8060154
12,0295747 13,43063
14,2875417 22,4938429
12,1749531 14,9233786
12,5076384 14,8210973
11,2021605 14,5797522
11,6463475 14,5513675
11,3953707 15,2623199
11,9760863 13,8217798
11,2465361 14,6117174
11,2937418 13,2735614
11,272733 14,8008825
21,7263192 24,6146385
20,628505 25,1196576
11,5435401 13,7722888
10,7067677 13,4789667
12,3119464 15,7497187
20,687323 23,7926161
15,4707842 24,512007
14,701039 22,6080313
13,1498007 24,0042345
12,0747073 14,2587048
12,8812291 13,813811
21,3412028 24,3035933
14,0555033 24,4816224
14,7183801 23,4830235
11,1810894 14,2721859
10,6828626 14,8895522
12,7747832 13,5735079
11,555522 14,5042082
14,5370469 23,5236855
10,9585429 14,849876
10,9764163 14,6867088
12,2048933 15,4821926
11,7111519 13,1932287
21,0075335 25,015454
12,5450589 14,1576877
12,0662598 15,0103625
11,6803875 13,485862
14,4169167 24,6219401
22,2082199 24,2762313
11,1940487 15,2461328
20,679103 24,8226912
13,4275758 25,4691271
11,3482235 14,4573486
11,815451 14,1960078
12,088057 15,5121639
10,6323033 14,2988863
11,0127517 14,8614785
11,3022658 14,7316725
11,963273 14,5222429
13,3348603 24,8510958
22,1815972 23,904857
11,0908125 14,5964991
11,8748903 14,786065
11,3157 15,4876004
12,3782316 14,6397717
21,5984615 24,5399062
12,5257563 14,7190946
11,5116211 14,0479938
11,5701525 14,2896177
15,0786773 23,7019518
11,8853118 15,0319695
15,9659169 24,2334843
11,1193054 14,7102922
11,026286 13,8448121
11,4647359 15,184709
12,5404259 13,5635903
10,9876042 15,5058247
11,8524576 14,3341485
11,8343379 14,9908334
14,8449118 24,2580746
11,0342438 14,4182699
15,5759724 23,9668341
12,2908908 14,9049773
11,8556127 15,4749111
22,3570443 24,5058861
14,8460063 23,6644532
12,6234535 14,0642149
21,6038478 25,2892821
11,5706384 14,1791084
21,5494977 24,3176075
12,141272 13,1333999
11,3321081 13,6239298
11,2815464 14,5173934
10,9477635 13,3440104
11,7964789 15,3222597
11,3061826 13,4682218
11,6744226 14,469222
14,877274 23,3818276
11,6878978 14,0485954
15,0493461 23,3720511
11,0738797 14,1059978
14,5420353 24,1681315
11,0395046 15,9313618
14,3500398 24,3920083
11,7750011 14,416581
11,4501293 16,3759884
14,2248908 23,0934881
13,6647674 23,6138178
14,109433 24,3234782
10,9749346 14,090696
11,8058275 14,0337785
14,9561653 23,186238
11,1945295 15,2075229
14,653643 22,9836362
13,6630558 23,5165753
11,2028322 15,7551363
11,9431173 15,1152243
11,1743403 13,3787359
11,9818014 13,3565187
21,4241497 24,789388
11,5188943 15,7702048
12,1260158 14,5905877
15,597212 23,2094419
15,9783576 22,7504108
11,9285004 14,6661305
11,2664173 14,0936509
11,5697228 16,0704136
20,8032464 24,9760261
14,7361338 23,4038969
12,1128235 15,3998827
20,8378717 24,6490232
20,4021533 25,2420883
11,417852 14,8630338
10,9757559 14,1747336
11,8046261 15,7731371
11,3622353 14,2103329
11,2773877 14,2014022
21,6180386 24,9662077
11,7147964 13,8346577
22,0101258 25,4609935
12,0305446 13,9886572
10,6910162 15,5307313
11,7193634 14,5996139
11,5009466 14,0786333
22,2476636 25,9755939
10,893566 15,2878309
14,9574996 24,3166959
10,4758977 14,1689181
22,240585 24,1361784
11,0975716 13,3462621
11,1266618 14,9396025
10,9520091 13,8659915
14,5980208 23,0677202
12,1068155 14,3829472
11,4856546 15,1116216
13,4668609 22,7641939
12,1576703 14,9032391
10,8348424 14,3961025
12,388855 14,7767369
14,2114395 22,6667082
11,445273 15,2631633
11,2906552 14,3810258
11,3916977 14,4966975
11,7397709 16,1009149
11,9878782 13,9480182
11,8062503 14,3467535
21,7412344 24,9612643
10,2214376 15,7196015
11,4650454 14,8287728
22,3124906 24,5251463
15,4302202 23,2754922
21,3138317 24,2053538
11,1687814 14,9580577
10,8901731 14,2835414
12,4166126 13,2796117
10,7376983 13,8897069
12,3162549 14,2572781
22,2715959 25,4993352
11,5332522 15,9725117
13,9679721 24,0588633
20,9176416 24,9088655
11,8302472 13,6801097
11,5950352 13,6348792
11,1702243 14,0119692
12,2293723 14,7030142
10,9582457 15,5200994
22,3334876 24,8619003
22,0989232 25,1819284
11,5378336 13,9588178
11,0517612 13,2696308
21,0933324 25,7363047
10,1774514 14,9865968
10,6301319 14,6315524
12,9010925 15,4307919
11,5458496 14,7679097
10,4373776 13,8457568
12,0543159 14,8131951
22,0365438 24,7452948
11,04622 15,2380567
10,8625867 15,6581343
15,3189156 21,7369403
14,8176434 22,1401919
12,7306413 12,6365889
12,2375127 14,2861928
11,897417 13,886443
14,9831198 23,8050754
11,7463767 14,1521954
12,2984482 13,2747229
10,8216803 15,7188722
11,6305601 14,769004
12,8330103 14,9868444
11,8118185 14,270328
15,8370876 23,9342641
11,5743426 13,2781666
12,743128 13,9575629
21,6575834 24,5228228
11,2171597 14,7128626
11,321032 14,7417807
11,1002114 13,5432558
11,3577917 14,9971802
15,1445213 23,2735772
12,2331316 13,9313569
12,1995053 12,9286391
21,9431455 23,8706284
11,1208331 14,4906329
14,619524 22,3268149
11,6110227 15,0191744
14,3976732 22,795733
12,7223917 16,0880596
10,8065241 14,9532526
10,9278249 15,4044268
11,7000646 13,8018361
11,2425783 14,8734248
10,6938006 14,2809531
11,5485854 14,2317236
10,5886194 14,2842606
11,7392366 13,9311996
11,8584701 14,9446232
20,9842497 25,1860285
20,6741746 24,5730435
14,2687937 23,9643826
21,525531 24,973814
22,1123875 23,8299506
13,8299199 23,9503907
12,9005428 13,5543196
11,2473281 13,2516785
14,7683551 23,3437211
10,2680742 14,9187833
11,7643052 14,6433739
11,6713451 13,8530073
13,1400888 13,1530628
12,4296513 13,9516415
11,2978737 14,0627907
10,8883781 14,9171468
10,5977861 15,5503858
13,9504002 24,127747
11,5680275 15,0108546
13,1719312 14,7298603
11,7474928 13,8128936
13,6706129 23,782159
11,8732542 13,6299818
14,0003528 23,931913
12,633804 13,6227762
12,0665567 14,6482875
10,6823287 14,2834568
11,9839793 15,0647793
11,1845696 14,4131183
11,8541176 15,2808112
20,5573317 25,716172
14,6920771 23,2761379
11,0946353 14,4874304
11,6546263 14,5819536
12,0207551 14,5449648
11,150235 12,775115
20,4916945 25,3760169
15,1934651 22,23194
11,571396 15,1698299
10,3994714 15,4060507
20,9611984 25,393657
20,685577 25,1797591
12,4473872 14,1298165
11,7825313 13,9524694
10,8742519 13,6149143
11,2500167 13,7921064
11,8233506 13,5267333
10,9350345 15,033234
11,128085 15,0810798
10,0091753 14,4467589
12,7119482 13,4425785
10,799667 15,3364293
22,1045374 25,3932403
11,2133917 14,3302304
11,4308764 13,1898993
11,9670339 14,8859842
11,6048202 15,3362129
14,5950613 23,2885045
11,0361934 13,8728338
14,8646331 24,4887611
22,2645577 23,6095213
12,2731849 13,666842
12,4937505 13,7248402
14,685402 24,3050662
13,5442237 25,1197097
21,423941 25,1865746
11,9173896 14,1167007
21,3577664 26,0134361
10,8531215 15,5630873
13,7467672 23,2528233
14,4690028 24,4330998
14,4017321 23,1078614
11,4679691 14,1903689
22,7751364 24,465283
10,8628753 15,7561223
12,1196017 15,3138338
11,2225795 14,1199167
20,6110621 24,721282
21,0493681 24,3669758
13,4425728 13,9513821
21,1700415 24,8696064
12,2277922 14,1773101
21,2312292 24,2541162
12,1233712 14,2892555
14,2508002 22,600979
11,8338876 15,1593442
12,0629271 13,4456467
10,5690324 15,1385182
12,6204802 15,1851811
21,3946551 24,7510816
21,2996928 25,3230873
10,8691868 14,4776053
10,8236636 13,7390944
11,4227674 13,2549988
14,4972176 23,8886833
14,5573703 23,8793121
11,5974409 15,4982576
20,3943147 24,3788818
9,9675271 16,3530663
39,1257571 41,3337089
14,528571 24,1866865
14,7083268 23,4977196
11,1981003 14,2187247
12,7037024 12,4219801
20,9616469 26,3337089
21,1900448 23,851828
12,5031868 14,0396702
13,5709992 13,455653
11,5304265 13,3316471
11,4348272 14,1659453
11,6922405 14,6010856
14,3327908 22,8457533
11,3136637 12,7517057
-8,649038 36,3337089
11,5167581 13,8627712
14,7720093 22,5732996
11,528133 14,3901348
11,6545993 14,5922393
11,3873092 13,2544548
11,4571945 15,3785393
19,9710584 24,9448802
11,3436179 14,3048655
22,0372974 24,8107169
20,9868326 24,9813575
14,6128086 23,8988821
13,5448821 24,353569
11,0989767 14,7817509
12,6209936 14,5239905
21,2241345 23,579927
14,9855868 23,3133851
10,7679337 16,4647448
11,4020011 14,8993447
12,809581 12,9697528
11,3128212 14,8207991
11,4480406 14,913217
11,3456616 15,0094838
11,1721906 15,6901229
11,4399529 15,0442395
10,875404 14,8424144
11,7252881 14,6470852
10,9089466 14,3267244
22,334588 25,0154578
20,6494763 25,1356247
11,0053939 16,1923945
10,0566632 14,5625379
9,7491752 14,8582486
13,6066639 24,5684979
23,1257571 23,3363392
20,8735911 24,3012534
21,8771588 25,5163014
21,0574683 24,6403758
13,0894802 14,3014856
14,8602579 23,763646
12,9294504 14,3642736
13,991477 23,8033797
16,5417972 23,1693768
10,8907247 15,2684504
20,6479706 24,8035539
14,0122822 23,2130598
10,7131981 13,389053
13,9019351 23,3024809
11,591733 14,1144992
11,6168438 15,5960887
14,6017448 23,8803519
21,3637941 23,564466
12,1662575 14,8109859
14,4319311 25,2866623
12,0561306 13,654521
10,9857175 15,1933404
13,4289837 24,3177307
14,1594861 23,85844
15,2530798 23,5599486
10,0260109 14,2366933
12,0605747 14,8859202
13,7184771 22,6115558
12,0879178 15,9050276
12,5439214 12,6729827
12,0878139 13,6074799
12,8336256 13,9572924
12,1695874 15,1013865
12,0727356 14,8914787
11,4840446 13,8726654
20,1299441 25,8980112
21,5387035 24,8504045
15,4537011 23,9341905
14,2514195 23,4512868
11,7569522 14,3765116
11,0257538 12,9063673
11,1299834 13,9727719
1,580962 -11,8780199
12,0776445 13,7937892
12,9645727 15,4017377
11,103606 14,5841227
11,3762977 15,4743196
20,0655903 24,1195067
12,5776593 13,6875693
21,5244522 23,518268
11,4040755 15,033279
14,8500802 23,6365211
21,3656903 26,0498902
10,6407997 15,6619707
11,0223389 15,4188516
12,0161491 15,6153766
11,4791021 15,127362
14,285948 22,4824905
11,2057205 13,3885924
12,3085874 15,2505175
22,7108924 24,6602245
11,3847746 13,2028994
11,9087082 14,4142496
12,3432651 15,2063536
11,3227256 16,126698
12,0402505 14,7951472
11,5699224 13,2224838
21,6493323 24,1326197
11,5985848 13,3545386
11,7270541 13,1248003
14,9648703 22,9325583
10,8884752 14,7458879
12,9374344 14,2843745
21,4318899 24,5372584
11,1710353 14,7654462
9,350962 15,7454534
11,3829105 16,9810736
14,9370805 23,7175051
15,5259637 23,9623202
11,7523454 14,6972886
11,2539055 14,5850203
10,6963952 14,5917071
21,6896108 24,6279085
11,162104 15,6605288
14,7679956 23,0742859
11,8949186 15,7475543
22,9963346 24,2491767
21,0632831 23,8902587
11,9497306 14,5817936
21,8141756 24,1374691
11,9538217 14,2263184
20,9313342 25,2779334
15,2353415 23,8970107
22,8075601 25,2650864
11,4959456 13,9201889
11,203456 15,8167989
11,6559558 15,6002625
11,6616883 14,2648237
11,5443343 14,8158008
11,2626254 12,6005911
10,1766187 15,579293
12,0680244 13,2281662
10,9759637 13,6232998
21,0124964 24,3206943
11,7665777 16,2457351
21,7040445 24,0405911
11,6060633 14,0475579
11,6180377 13,8064359
10,5750602 12,4315649
10,702646 15,8454235
20,7675706 24,9844584
10,935789 14,5447209
12,0888471 14,550123
10,9905786 15,8255434
11,9100237 13,486241
14,6477974 22,9219077
12,3158624 14,4726661
11,7451293 14,6682503
10,8712557 14,2629136
11,6373712 15,3901149
10,6308016 14,6805425
21,4650433 24,2562502
11,5444395 14,1381906
14,5942954 23,1756423
