2,49081369 5,894709455
3,21521748 16,65960582
3,30187603 16,83636009
3,80686799 17,05668464
2,07403249 6,268526273
4,28756678 16,85220236
2,19009074 6,220925273
3,00718592 17,23924245
1,66391234 6,135748455
3,11240378 17,82908336
1,45235825 6,008924273
1,43311331 7,036574727
3,59594233 16,61173736
3,51564981 17,69495
3,81339836 17,49991818
3,87969811 18,17373445
3,39275055 17,99232682
3,33698495 17,27143536
3,96269663 17,15290964
2,13829977 6,710127091
3,79571773 18,25521136
1,69774581 6,110866727
3,46256678 17,79668509
-3,28890483 17,01709809
2,08203752 6,098436545
2,20263261 5,559236273
3,44153797 17,81820082
3,04521237 17,62960155
2,08655907 6,510632364
4,1211645 17,920096
3,54765508 16,92671327
3,7027641 17,34876118
3,2769684 18,60691527
28,1773249 16,94634555
3,4356698 17,44188218
2,41316722 6,046875273
3,49581626 18,03302927
3,39629475 18,40300591
2,77284181 6,083294818
3,76521033 17,28499536
4,34412625 17,19231455
3,44049825 17,12502945
3,92774974 17,12589318
3,26867319 17,93287018
3,45745112 18,01914718
3,27428077 18,80642236
3,59898438 17,21181364
3,1432161 18,09035236
3,30359874 17,71154564
2,94173823 17,88090545
1,66905858 6,002618273
3,3575896 18,10932173
1,65333034 5,908140273
3,45895229 17,844133
1,5870054 6,673840909
3,0026009 18,78333945
1,9656639 5,605993
3,54148837 16,84797882
3,82079586 18,76364
3,70495189 18,29473609
3,52282665 18,02934845
3,24752327 17,76311055
2,77081231 18,93455191
3,09316247 17,74984436
1,34130412 6,132849545
3,08006455 17,88904745
2,54631221 6,821621091
3,29627417 17,82088227
2,51261789 17,46015191
3,40119536 18,16397536
3,52200011 18,19142482
3,14192338 18,57729345
2,00640152 6,717397455
2,06564851 5,628695182
2,1561685 6,485086
2,0361178 5,694161364
3,57626355 17,60383936
1,70355425 7,049685909
1,76468972 5,823874909
4,07336268 18,05550418
2,45389021 7,054356273
3,24878167 19,01352691
4,10939912 17,03862755
3,66396545 17,57471718
2,74040336 17,56593955
1,85309012 7,006774545
1,75753917 5,391474727
3,21810509 17,74480318
3,34903963 18,40076864
2,34994835 5,834773182
3,80224931 16,70244709
3,87669478 18,22400155
3,92505375 17,179491
3,14983227 17,73293964
1,95188343 7,243862182
3,86915648 17,96370318
3,57195034 17,18705864
2,087094 7,151318364
3,64649932 18,76106573
4,10834763 18,44768545
4,24082877 18,53955309
3,10372962 18,83358282
3,74225443 17,13263882
3,49122992 17,72880509
2,96462758 17,19386991
1,60551983 6,163349909
3,33072881 18,08941027
2,00828164 7,249666909
3,93943372 16,790626
3,86041841 18,14293745
1,56841265 6,886930182
3,53554056 16,995412
3,47549497 18,720553
3,2872138 17,41338955
2,48052088 16,99451182
3,25711164 17,76209145
2,12442283 5,759322909
2,23257142 7,122457909
4,14782685 18,01575591
3,22268593 17,57465327
1,92961976 6,045569455
4,06359193 18,68609636
1,62583397 6,479524182
1,68511506 5,827880909
2,75424147 5,705422091
1,71171438 6,633862091
1,80636036 5,876722364
3,05272482 17,89545691
3,22571566 17,97497
1,77626095 5,868258
3,26642215 17,50902645
1,64651287 6,166416
3,0840768 18,42081573
1,30444037 6,234933
2,89468672 16,91084809
4,54586647 18,26401655
3,28970453 16,93406118
3,60108747 18,74886164
2,13840867 5,523402182
3,34980996 17,69620582
3,6495384 18,79939118
3,2356271 18,16352764
1,69203373 6,025795818
1,79372081 5,683559091
3,82511347 18,61783591
2,56679421 5,889727455
3,90765538 17,24532609
3,31486659 17,36578391
1,68693622 5,835265636
3,61724273 17,36562673
1,8967357 6,201779273
2,52135926 18,63586182
3,28002827 18,10960982
1,74628837 6,911690091
3,06991408 17,65395564
3,00876453 17,83394555
3,95802295 18,00968536
2,33507415 6,363061818
3,74278936 18,30468636
3,90157799 17,53450418
2,3675786 6,884101727
1,69499482 6,890580273
2,89994912 17,35259045
3,55488032 16,775928
3,15130264 16,95000064
1,35074421 6,036120909
2,43052841 7,068833273
1,75349084 5,965263273
2,14592431 6,667151455
1,88819816 6,720761636
4,277557 17,57663491
1,12312704 7,106102364
1,65396251 6,446652182
3,50177969 17,64155609
3,24714696 18,27182273
3,71151119 16,45046973
1,42251437 5,905491364
3,51983894 18,56926664
3,59043771 16,94884145
2,17232211 7,108743091
3,3884292 18,30474691
2,25379317 5,285559364
3,24923993 18,28122991
2,30932183 6,715954091
2,89350543 18,01224282
1,35077259 6,615309182
3,43093914 17,76254855
1,21939574 5,653344909
3,52005036 17,31775245
1,46968952 6,885002
1,91624123 6,234060364
2,4114609 6,208245
3,73567797 17,37235155
3,24080436 17,84360918
1,589091 6,475308727
3,54308139 17,65294655
3,99846423 17,51323918
3,35542392 17,88306509
2,10593964 6,403889727
3,80974229 17,743188
2,18813351 5,126460273
3,45217794 17,31292809
1,65115234 6,214693182
1,51237711 6,336059273
3,42423079 17,08911527
2,31002308 5,207021182
3,09968789 17,60437036
