120
1234
1524
1051
4488
553
2900
4762
670
4007
1019
4059
2138
4890
3914
1614
317
225
1361
1896
1567
1850
2278
3646
4374
2850
2654
1672
980
3315
2626
1389
1342
3956
3216
523
2444
1128
2232
2605
327
2031
2410
2000
1009
700
2616
4183
1588
2120
2419
133
3423
2193
3332
2081
2391
3653
772
4579
545
3395
998
4155
4629
2268
4009
2133
2593
1412
4685
4594
3716
241
3089
2239
829
943
2435
2537
2528
4515
2052
3704
4212
2036
733
1994
2244
2138
2757
1080
2954
3321
4020
2327
1352
192
3221
3503
0
4137
2689
1267
207
3936
2417
3468
743
1664
1810
2755
4974
2466
2608
4334
381
2055
3492
3435
2148
4761
922
4313
3029
4367
4706
396
3875
3232
2932
1370
4191
3742
4145
1382
4489
3022
4197
3488
2215
610
1805
2961
4750
1321
651
1069
1444
4414
1689
4424
786
3263
3084
1983
924
2346
1785
3735
1986
1866
4030
2091
3105
3800
2700
1446
3688
3189
3481
273
3631
989
2194
3483
3658
2820
2944
3306
3554
2348
3117
1967
1377
1988
2900
443
2398
2084
2241
1736
4066
2592
4431
3075
4992
4943
1343
3875
2401
2648
4888
3262
3408
2872
871
3278
728
1646
64
1490
576
274
3953
1553
3450
1208
661
1489
3861
3554
2452
4982
2625
1858
4018
1757
2842
4000
3764
2703
2375
2047
3893
4136
4494
3817
1729
419
4937
1514
2505
929
1766
4704
722
3468
99
548
3738
4661
3662
3530
4280
346
1852
942
4034
946
886
1797
3383
4359
1517
1973
4184
2521
2285
1979
756
4990
83
3296
1170
4447
1705
2355
2431
270
2156
1102
1819
3481
2546
5000
388
2749
2441
1678
1226
3547
4204
720
1853
4801
4771
3920
4903
357
3061
1937
3927
4210
386
4005
917
1543
4338
4810
3394
1094
2034
1263
3234
4947
233
2157
4874
412
410
972
3412
1203
917
4975
1769
1093
1554
3155
4568
3108
2099
98
3935
1195
1868
1347
397
942
667
1603
1383
2828
1634
2169
1368
202
2975
4736
2629
2763
3234
692
2065
1676
3713
4970
568
3398
4758
308
4745
3064
3836
2787
3702
4622
1162
935
3836
3233
2374
929
952
1465
823
2839
1089
50
2647
2590
2782
2617
1059
4852
1078
1873
71
40
38
3908
415
3484
1783
149
1575
971
4984
4340
4618
1806
4989
4506
4497
4238
1180
4410
2764
4043
4570
1543
4767
2743
3090
460
4526
4008
1003
4217
144
2350
1046
1583
2908
1000
3212
904
1891
1566
4459
183
1278
262
1642
3306
3316
2324
1131
4853
3174
2574
1893
2699
1372
1924
1955
623
1158
4733
2138
466
4600
2783
4148
2450
3026
1954
4804
2008
4511
3468
4042
3986
2510
1714
2662
454
3200
1085
4712
4179
386
704
654
2980
1379
1143
3133
4617
3256
2865
1186
2102
3333
1274
4779
3978
4117
2084
2635
4359
141
2196
4220
4636
4428
2514
3878
4901
287
2795
2796
4774
4696
2219
1044
861
681
1632
199
4801
131
812
1470
2015
2750
490
1466
1238
1049
4677
1501
1088
3144
2654
4709
1403
3332
4093
2453
2981
4886
737
1668
1813
39
2879
2856
4728
2246
2624
1585
1460
1803
2553
4541
1903
3297
2455
3225
658
3340
2059
4235
1097
2831
1423
4620
2314
2735
2006
3549
4980
2102
2987
3269
1479
1122
1326
3510
266
1070
4632
3487
4062
1611
1370
2951
1614
479
410
4663
4677
2907
772
204
2759
1675
1063
4202
305
780
3776
2983
154
951
433
1908
3777
4304
1097
33
4736
2654
3886
1082
4675
3779
1781
255
2907
4609
2150
550
4834
1458
2610
1640
1406
2863
2053
2496
2664
2108
2865
955
3941
3607
2466
4333
1996
4486
1953
1038
3491
576
463
2039
2217
1803
3993
2838
3074
3502
1242
925
4103
941
1362
1504
3015
531
2848
3150
554
1855
736
1730
1706
2399
305
1583
4333
4572
3797
1556
1190
4015
3749
2165
2406
3339
17
2079
3519
1002
1825
1500
2286
3314
4944
3440
3147
2138
4200
3792
2246
4890
3941
3426
1989
3705
1604
221
837
1409
2294
4298
4047
3833
3897
3066
4510
4275
1143
3600
1769
2757
4354
549
361
1274
4718
4598
3767
3354
3150
1390
4598
3437
2151
1783
3937
172
3971
4204
2089
120
3119
194
2192
3366
4794
3405
2283
926
842
1510
1559
4480
1637
3803
207
1433
4648
95
4881
4395
4574
1099
1714
1629
1040
3637
4606
4572
2416
3309
3665
4706
3847
606
3922
3245
2884
2297
4391
2208
4927
521
3923
16
2442
4651
184
2703
1370
1881
3820
4438
3294
548
4843
3204
657
3543
817
4217
418
2963
3131
4372
291
1556
4290
4633
1519
157
2703
1312
4228
2508
3674
3413
2982
3479
4783
4422
3429
1304
2939
4762
3246
3895
4638
1868
1164
4338
1179
4333
2183
655
2944
277
3563
1529
2223
3480
189
2854
4545
1941
2833
3371
1505
4674
3184
2403
2992
458
852
2478
286
810
3593
4632
4481
233
1943
1214
1145
1714
93
387
1863
474
440
2015
1252
4615
4161
4434
2092
933
1086
672
3314
2266
302
1251
2434
1693
1499
3633
1718
4754
4368
187
923
1839
3544
2068
1596
4318
1734
4679
4307
82
2710
4796
3733
1937
2089
4680
2355
1737
2725
4889
4529
4974
2826
707
3278
4210
2457
1904
3683
2111
4909
2873
4499
2750
654
2543
2708
297
3033
1168
3004
3191
539
3047
4042
4315
1976
1945
3193
453
1658
4481
1502
2327
2779
2514
4230
2833
959
3210
4509
4354
1026
279
4244
1183
1731
2338
4365
2199
3606
2524
4853
659
1694
3739
531
3367
651
2407
4386
2557
4441
788
2807
2170
2509
1065
4989
2563
868
3225
3381
3282
904
4303
952
1016
3677
4483
2853
3366
4127
2276
276
4039
4844
1621
734
1378
125
3673
1733
456
1824
1596
1610
1441
1830
863
1387
1892
2815
1180
4318
160
3137
2128
4801
3240
1256
447
1044
1655
4296
4265
2609
3818
1716
2352
966
2905
1855
543
3023
4834
4846
4449
3825
1118
4904
4854
4975
2576
2571
4228
1054
1969
1676
498
4680
3812
1718
4029
2092
3783
4845
2310
947
230
407
207
3650
4015
3647
1427
1739
4552
1210
4653
4350
4582
2380
1311
1436
3207
3227
2850
1037
2179
1363
990
4099
2087
3745
2074
3615
1687
4696
3488
587
515
884
4542
2284
129
1684
1999
3638
3272
3131
4098
758
1011
4534
1817
2200
2571
660
797
1658
1374
2607
4412
2289
691
4521
2606
4579
4607
848
4994
22
2163
2072
4599
3883
2891
1893
2551
148
3837
4142
4202
4844
833
4897
2007
4752
793
3807
1226
959
4312
1862
2791
439
3212
1059
1290
2759
107
4763
1595
3820
990
3240
3466
2241
113
1790
3938
1534
2230
4633
971
973
3433
562
2846
699
1116
613
1300
3692
2851
3613
3755
460
295
3663
1487
3050
142
2560
3056
544
4795
2724
2591
673
1608
1955
2761
494
1979
1524
4503
1678
216
3441
3147
1786
4626
2165
309
3121
4394
3457
678
4847
1988
2781
2153
47
1655
1931
3550
3720
4953
4059
3828
3500
1112
1939
2303
1064
2989
2222
2289
438
1335
4098
178
270
1863
354
2100
1148
2223
461
3249
492
1032
4432
410
676
