4,13286709 6,378397515
6,3540521 12,51715532
4,6306414 5,96987601
5,66269979 12,68712102
3,63343838 5,797158885
6,71723195 12,45228695
5,83583341 12,46149765
3,67038408 5,630636025
6,4532622 6,46759911
4,32750604 6,96560046
7,65605907 12,81886211
3,71837906 6,578506725
4,34163026 6,69474708
4,84014575 6,19280907
6,62655389 12,9665445
7,04812933 12,22878773
2,68299196 6,11087778
4,7757666 6,593743485
6,88859248 12,4101033
8,09971404 12,72806157
7,06831191 13,20004371
4,20882132 6,001563015
5,02437628 5,73654081
4,11978798 6,62066412
3,22280464 5,80066095
7,14839785 12,93093375
4,33159848 6,224280615
7,17152953 12,66568328
3,10978855 7,131458565
7,23135039 12,52119635
4,29949916 6,22951182
4,4204523 6,36462288
6,66792676 12,74236299
2,77121889 6,088311705
7,38436699 13,30387937
6,66112128 13,23012023
3,06811967 6,3351204
6,00090095 12,69492389
4,02756123 6,517245315
5,42715822 13,25395029
7,9919686 12,98811833
5,67630976 5,647061805
4,71288081 6,29345472
4,60975372 6,38298465
6,53861076 12,69871439
6,02723605 6,674607765
7,08893922 12,52624748
7,0731903 12,50708162
3,91647157 5,52932121
7,74895473 12,91379282
4,70875493 6,15523797
4,06469591 6,91572588
7,38719146 13,23875637
6,84608298 13,06419975
4,66145999 6,58750008
45,65163004 12,80312744
5,15212214 12,31707267
5,7958164 13,22260611
5,57269823 6,98242902
4,08274845 5,593706475
4,25804357 6,830720505
6,61532828 12,99297069
6,57991158 12,27550979
6,52546598 12,90961014
7,3684347 12,98242197
4,6385977 6,510846825
5,71591933 12,80266901
4,84855096 5,45367228
6,02726971 12,76004835
4,83471109 6,41372466
5,83518452 12,90400514
6,65051255 12,49823117
3,9884999 6,59519448
7,24612339 12,55431608
5,54940595 13,41181811
4,29208681 6,36514011
3,73774555 6,25855944
4,3912033 6,16621761
6,68943968 13,14424083
5,86887994 12,91016328
3,84773312 5,81357952
3,81945289 6,192323655
36,20448884 12,13602285
7,69451408 12,91509492
3,6166482 6,3382158
5,71278455 12,80099741
4,80693136 5,87200446
5,87341678 12,68106452
7,34943033 12,566675
7,45486445 12,69072725
4,38148183 5,758088595
8,43870555 13,02317363
6,78923454 13,0639572
6,06636888 12,87907961
5,96990889 11,99943875
6,56534439 12,36909629
7,00572048 13,15705272
3,76364373 6,54972885
6,9688553 12,25554278
5,35242081 12,472782
6,66726214 12,84867003
6,99872393 13,21467998
4,00082133 6,64263306
6,3911199 12,7499378
6,23702134 12,37289634
6,34145765 12,09267371
6,49670164 12,91643976
4,86966161 6,103990515
6,71934384 12,59357043
5,39560747 6,07377036
6,4841722 12,74179452
6,73391752 12,59084883
6,07149763 12,63862835
5,63781768 12,61273304
6,63138861 13,34209979
3,54034703 6,43312362
3,90838327 6,17116143
6,83068925 12,66896768
4,31977139 5,834891265
6,63687189 12,49338321
4,87400881 6,353038335
4,04307277 6,729532635
4,2780661 6,10190679
7,92481547 12,70893372
6,1748148 12,73418874
7,21736796 12,75821232
5,96129171 12,571251
6,6721248 12,62783739
6,16794684 12,88711652
6,49072347 12,57845988
6,77611957 12,96815835
7,31176721 13,00524593
4,69613309 5,69017827
7,02104634 12,97355483
6,27451198 12,56297322
6,66579936 12,91578572
6,14648859 12,92050242
7,63181683 12,82516662
3,92212502 6,706169505
3,91415101 5,720218035
5,31919872 13,03682195
6,04595607 13,0614854
3,36682918 6,47438904
6,25750774 12,80333313
6,56716148 13,14759779
4,16136567 6,188015925
6,12072527 12,99705845
6,20535553 12,69207167
4,64151864 5,941773075
3,52903837 5,776328145
5,94965107 13,36883237
6,10090998 12,4694051
3,39456238 6,93468867
6,03964823 12,56103104
6,66234415 12,22057746
6,65113647 12,87178032
7,91618575 12,70539995
7,00911772 12,95224581
6,64467969 12,70240157
4,97219041 6,660182865
7,24194284 13,20995298
7,31671534 12,94747881
7,01647958 12,2129972
7,82370446 13,55254068
6,09167944 12,46075688
6,81946243 13,11581544
3,89603929 6,286457205
7,11136833 12,37222602
4,72980123 6,453639675
3,64295316 6,17844822
3,49325394 5,89492659
7,21045644 13,01811714
3,54749362 6,276479685
7,45782191 12,43146051
7,21966113 12,85465986
5,38755998 5,81182161
5,46430929 12,80228691
5,94631345 12,82097198
4,87784649 6,004181925
6,45553491 12,72718524
4,76990899 5,603861655
6,64489705 13,00084769
7,99747223 12,82080461
3,70585622 6,199046805
4,31514369 6,442759995
5,40483163 6,5104473
2,98522345 6,05983518
7,46570242 12,74665077
3,65225839 5,404632765
4,10941223 5,81870688
7,42922664 12,60714788
4,40956604 5,88359646
4,93021364 6,79869099
3,63309584 6,116665275
7,19878346 12,62667126
7,26946121 12,63478493
3,93473905 6,58750218
2,98972476 6,232901535
7,24469856 13,44661878
6,18664079 5,70209262
6,36246578 13,31163645
5,78284861 5,902196265
3,70589846 6,429252585
7,05067539 12,98110401
6,37830347 12,6249941
6,89867816 12,1025057
6,28509244 12,60081953
6,55129475 12,85106025
7,49622049 13,03449504
3,81021762 5,718841065
7,24796402 12,73456611
8,16474439 13,66145907
4,37047853 6,141972585
3,96779955 6,2246142
5,76839813 13,15441008
5,82153  13,07403458
4,47540049 6,36119925
6,3816511 13,27094307
6,46840161 12,96619737
4,02216364 6,06525486
5,96184358 12,88958255
4,88804547 5,662800885
