15,33788473 12,47699062
29,46858663 8,899997356
28,39303364 9,082620536
28,37770139 7,839865046
27,93206118 7,362309584
29,2395052 8,166862121
26,43348339 6,996292079
27,40725978 8,938641491
17,85189919 19,98152387
29,15281409 8,449921812
16,87793337 12,11870645
16,00040102 13,1289132
29,05135924 8,84640916
16,89161967 19,92253533
17,10337505 13,20180469
27,0414057 8,252833079
28,39083219 8,680375876
15,9898753 13,25057748
29,79643173 7,948022563
16,39866308 12,08527113
28,06556139 7,397048443
15,68655174 12,57084501
28,58272711 8,409317429
18,94951219 19,79415016
16,40880018 13,84553075
26,72695448 7,041117818
28,50058655 9,677268176
27,14919481 8,766862004
28,67488223 8,091668641
29,0041313 7,967412512
28,00080586 7,185603146
28,25183476 8,027948125
27,71371924 7,770349776
27,67310075 7,999304101
29,73713266 9,135181613
27,25469537 8,388834922
16,13088408 13,09584217
15,23315709 12,97019463
18,37860307 19,82838452
27,94333017 8,461029479
28,0878546 8,488390409
14,50299 13,54319943
28,86619287 8,002842747
27,49347771 7,34413118
28,3665344 8,593857973
14,82837902 11,79003843
29,0337049 8,8728894
28,46213961 8,6884674
28,11948922 7,963908307
15,24046214 12,27793831
29,20151111 9,191375104
29,45349958 8,805856326
28,83589935 8,398551728
15,83522854 12,35517447
29,0252854 6,968446752
16,30882418 13,49375571
28,39429818 8,424677004
27,12494412 7,749455755
16,63041768 19,5482792
29,43786003 8,568400185
16,42742798 12,94179158
15,53029215 11,36970825
27,12610468 8,946593696
16,11541019 12,69123631
28,94353258 8,292257914
28,18146246 7,707911132
19,06635606 18,97170686
28,07448605 9,230477749
15,31103341 12,36458875
17,5646828 20,64761581
15,61180478 13,30658999
28,80962231 7,871497438
14,89530066 12,43193413
27,81103251 8,696561146
15,97753742 13,4040008
27,04377491 8,088076334
28,60698791 8,1809616
30,44038766 7,577024666
48,662889 38,09732378
16,07304698 14,11736623
14,79504835 12,26699362
16,36262458 13,034246
20,09355489 19,81806955
28,48928312 7,44857118
28,82849086 9,114472462
29,43887249 8,015005864
15,74722868 12,59851391
27,62496434 7,743060172
26,83881007 7,696179416
28,43715478 7,558216325
17,44166955 20,14848739
28,77431973 8,060139239
30,01609754 7,743050062
19,37788902 20,06380209
27,12273279 7,775016643
29,28100572 8,954299814
16,01691193 12,62057626
28,31104139 9,189095999
29,05560271 8,874999189
28,09292187 8,183581005
26,21006751 7,51562814
27,2542423 8,376043534
28,3766425 8,330175233
18,34372122 20,67614751
18,21122714 20,00507029
15,92596591 13,66667297
15,17526943 13,20414023
16,1023656 12,99203589
28,41478635 7,942154372
16,52791282 13,22425522
28,81906403 8,295355604
28,32471858 9,293579216
29,71603355 8,275682793
29,33270399 9,609629163
27,82721467 7,4079258
16,60775473 13,29665831
27,49261258 7,470805734
27,50328773 9,174744767
27,60594124 8,152809749
29,44065175 7,573869204
28,45022558 7,65027634
27,59110573 8,294795771
18,14388232 18,77730741
27,71059566 8,936255063
16,1597472 12,12824872
28,30851553 8,445332382
29,58885982 8,974017953
19,70542237 19,67852784
28,89226426 7,943844647
16,32283744 12,33155428
28,67501577 6,77498199
28,4984952 8,31152632
29,96032667 8,940242553
15,68408033 11,92528202
18,59483944 18,20591578
28,70380878 8,20722364
15,92426386 13,21155849
27,71173233 7,864071848
27,17960955 8,620086461
28,00175077 8,246000651
18,52598066 20,06107191
27,55812191 8,006008652
18,23358213 20,14422004
18,08368801 18,24705956
28,19324739 7,577993458
29,09722343 7,586665702
19,60566313 19,90883547
27,00376924 8,540936265
28,47109594 8,728496285
20,60890824 19,6784414
17,4831954 19,95726896
29,82742085 8,868293082
27,58521176 7,920371439
19,09886915 19,94202238
16,29681082 12,03591273
15,6510093 13,74094788
28,4868627 8,726175406
28,84772061 8,376733132
28,43620121 8,394920868
28,99249124 8,054090733
15,88446262 12,21525635
29,39997549 8,655942541
27,50770307 8,339901482
30,06012591 9,129261649
27,17364114 6,90098461
28,42659028 9,27149398
29,32729853 8,417430284
28,02359514 7,448776159
15,13259715 12,40499915
16,46020459 12,42020863
28,43216772 7,974150839
29,36296319 9,503663316
28,21706657 8,815056962
27,88835866 7,999828493
28,58107983 9,028394626
27,08258536 7,646617484
27,45647586 7,808646946
15,16092398 13,03291325
28,09444072 8,196217296
27,05938346 7,147168212
29,03601489 8,607455057
29,09836354 7,649714174
28,15678104 8,728179984
28,49114505 7,341041934
28,74889471 9,094417578
28,41855208 8,279001906
27,17259236 8,121748188
27,63524153 7,814630459
29,06364112 8,330242559
28,49195174 8,082985621
26,81706403 8,42946508
29,40616287 8,448361857
17,048297 12,85959458
26,93641865 7,620926387
29,84675092 8,060009474
27,86152924 7,101702759
28,04586902 7,199358659
15,83423109 12,68808806
29,16763683 9,54236789
26,83802571 9,254690661
17,65473668 20,94084671
18,54503342 12,76112243
26,43248904 8,133484681
16,73282955 12,86865334
28,21135836 8,407873573
28,13674438 8,244956755
27,74903138 8,736727684
15,25970999 12,42954348
17,13028325 13,42357551
27,11115039 8,488735708
28,66686869 9,050231775
17,11747586 12,90542133
19,05001192 18,56807245
28,50230749 9,573479667
28,25951721 8,775298382
16,55565938 13,28237707
27,53325129 7,908113332
29,3534958 8,88136433
28,33810024 7,938675053
29,06989183 8,559961918
18,90735797 19,89408573
19,60238657 19,69136989
26,84926436 8,500794724
27,82882851 8,403167599
27,02346783 8,366779016
16,51435662 12,85197601
15,7030672 13,5270105
17,97594467 19,56946141
16,02610912 13,02260516
16,26313819 12,69084923
28,3398944 7,751918953
28,34930568 9,099318977
15,63280012 11,9663378
28,74920824 7,987302857
28,60887027 8,054102398
17,45523575 11,65698985
28,99726876 8,57524039
16,2906931 11,86579141
29,19984461 8,753622884
29,07065031 8,55408995
27,37060178 7,861975391
27,63665262 8,1360792
15,95865487 12,46185302
19,01987027 19,69320059
15,26635188 12,88917384
28,91927034 7,57744618
19,22497653 19,49352479
28,7198284 7,326291964
27,24230239 8,366730466
27,73887861 7,386022768
29,67409341 7,424213171
28,81115482 8,65329114
17,42466436 19,43665014
28,99430006 8,327248192
27,61652396 8,751650859
19,19371877 20,04539515
28,67930778 8,167246638
28,80985351 8,578348635
18,53753117 19,95556469
27,29116406 8,049020018
18,66193529 20,28418771
28,97644096 8,898399627
27,73743043 8,54006413
29,3623107 8,387741253
16,85196253 14,11116963
28,86410464 8,275520032
29,69360257 9,59807443
27,1431062 9,803227579
18,04688569 19,12421228
27,9006421 8,115213175
28,02347715 8,056766021
16,00537053 12,52058737
28,48103717 7,917112987
17,90482667 19,93855961
28,67792581 8,419269767
18,68018435 19,56779858
27,99796659 8,473131491
29,6814209 8,491811845
28,81357769 8,353792871
19,9272623 19,00148777
17,67062087 19,13256222
16,30759152 13,45686296
17,34610722 20,60697854
28,40384511 8,565136623
29,04874939 8,985107622
27,36993385 8,850436868
27,86075065 7,691811075
15,01004374 12,25985323
16,98126815 12,98903074
28,37832366 9,052116476
30,08852163 7,624134621
28,8328381 8,10643772
28,39444527 8,71706654
27,34359703 8,181750299
19,25989249 19,02504875
27,04548752 9,250476971
28,32995528 8,562501331
18,53415651 17,47639363
13,80213543 12,47836137
17,63101217 19,33855262
27,90174155 8,641953607
27,79272578 8,424853542
16,38766896 13,3211472
15,33120128 12,58682708
16,28296654 12,0623532
28,74822422 8,016134973
29,20488333 9,412976608
28,94411252 7,320740742
29,48566325 8,069960368
28,57426062 6,943567796
27,24008716 7,994735002
28,52039201 8,872344455
27,88287443 7,095488047
28,77268356 8,920222666
17,67608733 19,292539
18,4675995 18,61055387
28,05753774 8,606488821
14,16906729 13,28722614
27,45867397 8,072832525
17,24151346 12,54832449
27,24212218 8,362587991
16,70249403 13,11244062
28,42271511 6,716561721
15,37512278 12,83349008
26,61222018 7,978043227
27,09424942 8,871976491
14,95525699 12,2924133
15,8975232 13,77465984
27,01428508 7,990083578
27,78082609 8,374244381
29,09475646 7,297732376
14,65202287 12,93466329
28,20360636 9,429115883
13,68328487 13,45202788
28,79664438 8,197896351
28,36937334 8,588102659
15,81422375 13,3772888
18,60133979 19,55094171
27,87296665 7,609009245
28,75740686 8,337164422
15,0820902 13,45173125
19,73844207 18,95789147
16,89248558 12,40984078
16,9575733 12,90713382
28,00770417 7,352519563
29,20732131 9,418577381
28,31065376 7,540500097
15,61486247 12,92923695
19,36080528 19,16223281
28,54825422 8,741904611
27,69987151 7,51948942
15,11474071 13,30421033
16,52245826 12,73307079
28,85194818 9,31492397
17,32450182 20,21516473
28,16029291 9,244801539
17,32905526 13,68581506
18,33874583 19,09180852
28,80944232 8,355561805
28,48913714 9,312998163
28,45211039 8,332841633
28,59033568 7,574965206
26,81550363 7,428232214
29,41713477 8,564833653
30,50834753 8,037700816
17,97543472 19,8423949
28,17695869 8,4839333
18,70443348 19,73821431
16,21459682 13,19679108
28,41097829 8,185950768
14,82363916 12,62426389
28,66457503 8,874172938
18,20446871 19,52302728
28,93134302 8,147980454
28,18740909 7,178373758
26,74057834 7,518887703
29,36076352 8,196813681
29,02040934 7,142893528
27,69312508 8,913417236
16,49719656 12,6503625
28,2575994 8,196481492
18,69562814 19,44098471
16,37011849 12,1339877
28,560455 6,862619114
16,12303809 13,29845191
19,52328126 18,86393653
18,76843586 19,25761927
28,36504888 8,694386808
19,30871994 20,00697466
18,05755329 13,62180435
16,14703136 13,08551754
26,09575494 7,635423492
16,58961698 13,44321143
29,47386488 7,7932196
27,02296432 7,619343434
28,61476779 7,426447837
28,19157756 8,302935179
16,58343594 13,50673786
28,91143601 8,582915623
28,35816146 7,475300617
27,94686237 9,463952288
26,33669996 7,80107337
28,3689406 9,356044969
29,76848997 9,599558504
19,49980683 18,86839108
26,85799638 8,803386462
28,91458359 8,446106305
28,75364724 8,83220958
28,07541729 8,781221235
27,84608689 7,784536469
27,98540174 7,474647461
14,69981376 12,95776587
16,73424074 12,2577541
27,73030003 8,012396125
17,6475043 20,32899301
19,32696011 20,21611896
28,80170876 7,863512237
27,62066766 8,993827972
29,13819745 7,614086626
15,4310944 12,80705683
28,36579436 9,315580238
19,33268254 19,71700388
28,09532219 7,689282884
19,25676769 19,36643994
27,12969309 8,982170582
16,47058133 12,88034495
28,6830033 8,867852015
27,12184321 8,549375644
28,4679747 9,007117309
18,43176031 20,09054819
16,24853187 12,08296025
18,01204451 18,56787414
28,39521009 7,029625967
29,62175853 7,723188048
-6,314715131 32,54232378
28,61140591 7,170773962
27,7892128 7,816616594
14,98657875 13,31439587
18,02253568 20,72700387
29,18772227 7,769351654
16,1549719 14,04252305
27,79451283 7,386371178
27,92090141 8,391933167
15,98727423 12,60629102
15,59530043 13,62426788
29,13212228 9,854760981
27,43903449 8,284277156
28,12324428 7,078331541
28,2776935 7,762783755
19,75168108 18,121515
16,686095 13,38280647
28,37120582 7,938356085
29,59173564 8,655534249
19,15733896 19,24418461
28,87710111 7,686286406
27,09691882 8,61229724
16,55261024 13,48606026
28,97356047 7,703495796
27,88025959 9,519153989
19,87451457 18,77830265
28,44241536 8,712627872
29,12696524 8,022627657
28,84383944 8,084215942
28,13316963 7,206230638
28,70609955 8,453984628
29,07458503 8,59794112
16,06235061 13,04663343
27,7080427 8,505960208
28,13231915 9,350418865
19,4561102 20,05566401
26,88373003 7,587218091
26,83739455 6,836802585
29,29217516 8,514646117
15,93031948 12,35188969
18,60048854 20,13357555
29,53838431 7,989174003
18,09963952 19,96356833
28,04887061 7,119371769
28,71032613 8,059908262
15,76071377 12,78317489
26,99632332 8,033139828
28,64550772 7,341458225
19,95934165 19,94705643
16,67636131 13,39179769
16,55698325 14,22683129
15,16225174 13,71674397
26,71042025 8,739235989
15,88290533 12,95748079
28,34925435 6,924545587
28,61099939 8,806561478
29,80301807 8,923986845
26,59009106 8,633780869
28,57186653 8,870754836
14,68506413 13,61415023
29,46287142 8,875594907
15,24101575 11,94976535
20,72047852 19,6174455
17,77024991 18,84951075
14,43155926 14,05989854
17,47182087 21,43232378
29,15195596 8,709164774
28,27102228 8,967994778
28,56374901 7,560475432
28,48270667 8,518002892
17,42712778 13,52720303
27,52259358 7,915255173
14,77743111 13,30513458
28,5335147 8,520500309
15,44945179 12,87926517
5,050814869 -20,28073828
15,77842656 12,78181102
28,99259501 8,117135761
28,61781938 8,229792938
15,12594603 12,14567353
28,80688814 8,91019067
14,93210342 13,03907952
29,85311828 8,008078112
29,37765483 9,14741139
27,96610811 8,798870581
27,65038124 7,268670394
15,58896073 12,55633691
28,09060477 7,844645901
29,04006115 8,755416815
29,48461469 9,185655787
28,70517164 9,161320776
28,55263523 7,612311026
16,71948744 13,0360106
28,99299119 8,45476255
28,37234071 8,06553581
28,9350221 7,089041025
15,13166635 12,59434111
27,78803803 7,955295058
28,80768617 8,417878795
15,1944193 13,7605127
18,97916278 19,69433881
29,44092495 9,739318971
27,75827767 7,637796144
27,928317 7,136709036
28,81340315 8,07034744
28,87369212 8,921766734
15,2732573 12,90923117
28,65114949 9,528011326
15,77378102 12,50632935
29,00903581 9,1367529
26,65865831 7,855074747
19,02019068 19,88348845
28,60012015 7,581893735
17,14473902 13,09673175
14,75296078 12,92619936
28,74139446 9,084783875
28,04180421 7,336781693
15,2530831 12,50289581
16,26986396 12,62664954
27,50920314 7,299658406
26,56301877 7,569531082
28,65793159 8,450509976
28,0221024 7,96166642
29,24336759 8,945777333
19,03674603 18,88667859
16,82084242 12,90198801
28,82590379 8,21875182
27,91636797 9,059153327
18,4522967 18,68652183
20,38725829 18,78807412
27,41840822 8,373895305
27,5719202 7,785939439
27,48169189 9,034968413
29,75520541 8,504255823
28,61267934 7,525868782
27,75867986 8,190476537
30,44375632 8,862032375
29,10941444 7,676445168
26,82690726 7,928652278
17,21390699 12,22878822
18,81743563 19,98121979
28,01101162 8,188487181
28,88068942 7,978621169
28,0853523 7,949540633
28,20535118 7,480306339
19,52915956 20,58810021
19,02934888 19,36781936
27,64736954 9,25626617
28,67754707 7,753888645
20,03111947 19,73727185
29,02099606 8,363634664
16,43171155 13,83235218
28,11424463 7,84543049
28,80524063 8,217662263
16,02058156 12,80298668
27,49413776 8,188071889
15,81087042 13,80495481
30,886889 8,302496556
18,47879983 19,90258954
28,20198985 8,265596136
19,01445392 19,61201827
15,51291167 13,09840903
29,27224704 10,03944984
27,99574592 9,001256118
28,81056977 7,581920954
28,35559005 7,601035154
18,92321294 19,18313183
28,96733453 7,044163847
19,72097993 19,74337435
16,70893916 12,62343842
20,40234079 20,21915822
29,40007881 8,764784878
15,98595002 12,34002499
14,17934381 13,49521223
30,04646417 9,832817731
16,12991718 12,87565642
29,07767739 8,462461558
29,21963608 8,198852477
28,58871507 7,262471902
27,23550473 7,771423002
17,83046611 13,73328131
27,54308108 7,600810843
27,51764529 7,661505217
28,62059343 7,603913866
28,37943044 7,327954687
28,3465885 8,367590157
28,54324972 7,075490158
28,95354391 7,59876727
17,50437939 13,03931894
28,41104383 7,578443969
28,77280121 8,122267914
14,90998741 14,08291957
30,80797234 8,714263487
27,98163722 7,662384463
28,46450738 8,308062555
29,15971074 9,4325051
28,46203407 8,662402229
16,3592988 13,58416556
29,38037189 8,249054679
16,92547295 13,58416167
28,05483601 9,660988582
15,80636943 12,04705584
