30
149
4752 7054
8783 10974
9953 12313
9293 10586
712 3203
8682 11167
9814 12550
269 1443
2327 3595
878 2181
9783 12442
4423 5774
658 2515
2523 3619
5192 6032
5795 6849
6933 8631
5767 7068
3665 6498
2250 3473
1706 4289
9722 11621
1449 2811
5987 7497
9037 11899
6371 9145
5166 6839
2501 4461
2959 4930
6208 7924
5131 7466
7565 8317
2468 4714
1302 3147
3640 5997
8533 9798
312 2877
1014 1967
9405 12054
1496 3875
9400 12030
2799 4650
4271 6339
6477 7729
2065 4941
9833 12247
3653 6019
7298 8928
1129 3900
3037 4702
1696 2574
51 1070
1462 3001
9273 11415
3433 4455
6462 8047
4344 6896
5328 7397
4740 5950
5962 8023
643 3270
3184 4688
7887 8741
8975 10275
1313 3500
10041 12886
5963 8219
6045 8622
8864 9884
3817 4632
7099 9945
9133 9993
3599 5560
3563 5394
2355 3289
9590 12222
3609 5799
3768 5105
7634 9741
3593 4491
4930 7057
5324 7473
1450 3590
8157 10432
2504 4670
7514 8949
8551 10453
9239 10130
9844 11106
60 1228
7146 8678
355 1141
7337 8296
6307 8995
3399 4797
1030 2262
7888 9247
5598 6432
4598 5846
9285 11516
7717 9805
2682 4621
3568 5627
372 2844
7701 9056
3116 4930
6412 7453
3769 4733
6210 8004
9411 10201
322 2982
3859 6598
5716 7534
5532 7445
9998 12583
6284 8585
3326 4708
4457 5340
1109 2846
6825 7777
749 3229
1483 2295
50 2057
6060 8149
9294 10969
4407 7199
3135 5774
6730 9324
2527 3963
10054 12601
719 2485
8257 10923
6763 8730
1778 3210
7122 8486
31 1064
8269 10773
9663 10852
7571 9025
9369 12187
9143 11840
6355 8262
4298 6454
4244 5918
6439 8400
8315 10716
4771 7287
369 2363
10037 11289
