814 704
7651	
180711	
23085	
118770	
130942	
141643	
176765	
1875	
62553	
75288	
27984	
18204	
173442	
172180	
62711	
147100	
43386	
84514	
80084	
38277	
30015	
143581	
84111	
167168	
181853	
67699	
194078	
192738	
35278	
151510	
165596	
123493	
127864	
90411	
48987	
31635	
116356	
166015	
188880	
182377	
154760	
45080	
138911	
175849	
19425	
72649	
109918	
169675	
22561	
30904	
163868	
184668	
173673	
93580	
52701	
56540	
525	
35942	
30356	
106430	
102250	
141037	
190611	
108325	
172484	
59470	
105139	
147717	
169350	
159039	
194496	
162079	
119780	
30576	
62792	
153248	
51443	
61451	
164051	
122426	
142250	
75268	
99585	
5708	
185911	
114669	
126727	
162647	
58373	
29568	
87917	
73256	
142222	
60471	
36076	
168090	
51055	
976	
89486	
40450	
120332	
19221	
189379	
95925	
187869	
16978	
66470	
133686	
79797	
99146	
50559	
93631	
17810	
140497	
136214	
41169	
6377	
94569	
188190	
187812	
47999	
68400	
97380	
58107	
112567	
16496	
106341	
162549	
100624	
34784	
20495	
39077	
169144	
57876	
195255	
146355	
89836	
31246	
66841	
156402	
124805	
105447	
141901	
20991	
128418	
190078	
32525	
127950	
110376	
66139	
103360	
78454	
62161	
109772	
99852	
117766	
156110	
64067	
79015	
148966	
188980	
30757	
158464	
78365	
164086	
2908	
167749	
57882	
56184	
65203	
46173	
173944	
94967	
36503	
65307	
3246	
51001	
146221	
9144	
158680	
36873	
163032	
27375	
178791	
189352	
44878	
129066	
109340	
168438	
6417	
90211	
161102	
157986	
76640	
187507	
37932	
129012	
5258	
177393	
74984	
133649	
29920	
190830	
195125	
195639	
7270	
136224	
95072	
136993	
74559	
90014	
118382	
49948	
102108	
180691	
164560	
64233	
36388	
64336	
57471	
117748	
114623	
142591	
65137	
97166	
197124	
176292	
124619	
84814	
62672	
35088	
190275	
47597	
68440	
74869	
85353	
148557	
18830	
44836	
104584	
19565	
182001	
109002	
118474	
90951	
20589	
26027	
133104	
93402	
50052	
94806	
141487	
80567	
46559	
119944	
184567	
172290	
156568	
139798	
36088	
168762	
17872	
6703	
18541	
129898	
56558	
82199	
2271	
42190	
39787	
83027	
152412	
148458	
37959	
91441	
30833	
72109	
175404	
138083	
192159	
144060	
167317	
177196	
196344	
187708	
152131	
89952	
42980	
73857	
120994	
148940	
109790	
56204	
88342	
127654	
89284	
171481	
165934	
140407	
168380	
102020	
161777	
27700	
155043	
156032	
188069	
110637	
189685	
38402	
78447	
177240	
33657	
130310	
132828	
196505	
37057	
179549	
65125	
115880	
144501	
194316	
150261	
45513	
89683	
85468	
184157	
60590	
37592	
167423	
91299	
141686	
179700	
81436	
38510	
113294	
81970	
89360	
38840	
98086	
177379	
151715	
26969	
145610	
112980	
162912	
56675	
195428	
118121	
22852	
115285	
135231	
51723	
165348	
108669	
148071	
108271	
140515	
59955	
197297	
195558	
183961	
101524	
70966	
109416	
195494	
60154	
14940	
18071	
162878	
199715	
113778	
114551	
63275	
59651	
126894	
106190	
45096	
179134	
33800	
53893	
118274	
110904	
28585	
121164	
56808	
109525	
37452	
168577	
71796	
144561	
118003	
168395	
16638	
92199	
47177	
184195	
49525	
178718	
30562	
77244	
161542	
62634	
151117	
66917	
193669	
112702	
63048	
37354	
193004	
135887	
61782	
128816	
193006	
75201	
133566	
133917	
10006	
88357	
85771	
98727	
194749	
165066	
184550	
60616	
172037	
181433	
109324	
24335	
195239	
57298	
11914	
87138	
183310	
51437	
79207	
9858	
51064	
105105	
122535	
89799	
12558	
37709	
175574	
117190	
66280	
35343	
151225	
163040	
74142	
14486	
20247	
102816	
69310	
64775	
180466	
93862	
116047	
120137	
104261	
94514	
164835	
49745	
170038	
125170	
1478	
32882	
71480	
174218	
18799	
36966	
44178	
174010	
132127	
59662	
42430	
68108	
47977	
133257	
144573	
29428	
145269	
160254	
184076	
195642	
190986	
143117	
72654	
195781	
108085	
10199	
160307	
197985	
79824	
98161	
116956	
170582	
181043	
13465	
130611	
6230	
163107	
189882	
45783	
134735	
103714	
108154	
167593	
86023	
28082	
163743	
89364	
191158	
120628	
60976	
186490	
37083	
128113	
177384	
174878	
47900	
68975	
2743	
128578	
118239	
124772	
182273	
61069	
40030	
27069	
171925	
116020	
119734	
138771	
28888	
156283	
178940	
162742	
129527	
75417	
176759	
125830	
176074	
110622	
187754	
160050	
100463	
171681	
24110	
76134	
79207	
176495	
123838	
88290	
121968	
140956	
133467	
189458	
41175	
155522	
99537	
138844	
87696	
175852	
186677	
81597	
168266	
155648	
30691	
67072	
22539	
120936	
27199	
115095	
29261	
43116	
53802	
37306	
108585	
47626	
14054	
160048	
19437	
58677	
141798	
129035	
74113	
16885	
121524	
66767	
86734	
190448	
72146	
79405	
108989	
62499	
167815	
103812	
93886	
71309	
147294	
132633	
80180	
69253	
38713	
100755	
41154	
24646	
14166	
178632	
34798	
81924	
115766	
166504	
166586	
199563	
189643	
27337	
28453	
129105	
75206	
163123	
39814	
29947	
47846	
51840	
87898	
2829	
151507	
90307	
164911	
52200	
12052	
47304	
137738	
16880	
143130	
120207	
125311	
111260	
88897	
167036	
114065	
154345	
56745	
22447	
127165	
3290	
28978	
176851	
163366	
84390	
53725	
20925	
44348	
43346	
26728	
186468	
26019	
162715	
158742	
47365	
189029	
137463	
117651	
89440	
167027	
28855	
172090	
145523	
190979	
137247	
77006	
21784	
36927	
150230	
27557	
27184	
152619	
162926	
49699	
183695	
118649	
37520	
119804	
77198	
123853	
65071	
76053	
111874	
64038	
47603	
33924	
35428	
148921	
55706	
192619	
24517	
154610	
199125	
72274	
107595	
44186	
62841	
134766	
63695	
27917	
152720	
192432	
147639	
32977	
30286	
76309	
16500	
172094	
47137	
184856	
59822	
4754	
8250	
163955	
154925	
141906	
172379	
141419	
91248	
101477	
152809	
86769	
85665	
30745	
149131	
126458	
55636	
37684	
61269	
156361	
52137	
182619	
31090	
156017	
192486	
189900	
30362	
168211	
184467	
146534	
120481	
47612	
152037	
16597	
115009	
142660	
25560	
90880	
116658	
78625	
187084	
108151	
115870	
39143	
192304	
133265	
147053	
32832	
137462	
34942	
191149	
6016	
160256	
36991	
39775	
124455	
108458	
55256	
132533	
151770	
87551	
144163	
176301	
136513	
194201	
16705	
120399	
180379	
4477	
151186	
125305	
198058	
3338	
44469	
55340	
47835	
147799	
20730	
138057	
100463	
12689	
22360	
178182	
179807	
113940	
99857	
133387	
136648	
171604	
54768	
4679	
45643	
125654	
107929	
181392	
122645	
60351	
8432	
108911	
161580	
159779	
163427	
142991	
84923	
177688	
122643	
9090	
2620	
28768	
84622	
173329	
54408	
37448	
83927	
59179	
47385	
123676	
97186	
163554	
301	
156926	
182237	
132702	
149612	
83622	
193548	
39707	
168622	
105213	
79428	
135114	
159922	
185754	
92628	
64603	
66367	
124552	
24200	
88436	
137360	
45003	
51902	
43912	
194679	
105324	
99466	
41486	
98900	
72524	
23689	
193537	
123919	
179971	
113232	
16104	
64780	
36961	
137477	
120341	
146975	
33088	
113742	
50438	
130966	
123124	
174731	
146499	
103132	
101493	
117862	
78690	
124978	
102138	
13193	
194612	
193301	
118283	
172988	
64806	
147637	
176791	
23336	
26578	
110089	
122506	
187432	
11584	
93264	
12015	
53930	
20326	
117046	
66827	
52916	
4940	
32863	
33404	
186332	
11720	
189258	
61383	
169739	
21925	
16697	
111889	
20721	
87975	
159040	
37136	
114431	
36588	
46790	
175553	
93787	
135198	
127518	
125032	
79524	
48352	
169651	
162421	
172767	
99671	
82102	
146514	
31094	
20125	
98506	
90821	
96575	
123523	
40340	
3150	
13706	
23039	
81716	
157297	
90122	
56349	
30423	
146192	
124001	
47724	
63403	
15480	
74331	
59349	
169871	
59757	
12703	
13475	
151618	
136447	
89317	
174366	
66297	
86155	
87872	
16494	
167950	
67706	
64396	
123005	
126487	
132289	
148352	
50926	
151824	
66611	
121100	
15949	
119870	
29492	
167926	
156229	
62328	
41493	
120217	
89440	
52707	
169758	
56974	
5385	
46917	
126508	
45309	
121030	
32530	
73092	
95583	
124618	
43485	
163935	
53172	
18308	
59212	
194610	
175119	
92249	
30925	
88250	
118411	
101801	
42635	
123025	
113960	
136052	
89149	
59854	
74734	
69527	
156988	
78010	
172621	
156740	
114175	
136230	
164409	
111041	
133317	
42294	
53733	
174349	
170973	
85582	
140990	
85702	
143133	
147386	
146732	
23580	
187322	
142630	
141947	
51233	
8776	
128960	
170740	
110525	
191834	
161722	
70780	
52036	
187479	
140479	
102608	
2228	
68662	
161070	
64346	
148743	
4626	
90588	
79669	
90935	
9751	
84088	
153312	
90720	
61570	
1677	
91121	
81914	
143056	
41560	
29801	
115158	
2830	
117818	
4769	
78018	
65846	
124151	
31202	
24063	
58849	
100048	
169801	
183082	
74865	
79848	
162165	
40912	
6137	
113623	
138608	
26668	
124414	
90296	
14469	
63374	
127943	
4675	
9389	
6933	
143427	
49791	
1773	
89102	
7809	
17468	
181938	
171531	
101277	
100802	
20753	
172447	
59978	
100352	
191463	
121268	
131590	
133894	
130024	
108367	
100516	
66974	
165710	
75736	
121646	
69095	
53129	
63392	
95615	
154679	
194211	
56089	
190175	
27167	
175181	
90301	
142249	
57747	
92829	
70314	
23291	
57341	
10685	
106158	
149038	
7836	
141469	
77460	
127671	
60982	
179512	
22966	
114689	
178211	
53208	
170046	
72876	
37135	
112280	
98742	
169803	
95158	
183232	
169607	
180782	
36894	
174657	
189424	
151415	
12944	
191558	
126518	
22651	
49960	
135333	
12281	
20537	
31678	
119958	
91354	
95724	
16796	
175956	
43484	
177864	
45674	
97286	
18482	
173488	
74842	
35075	
87226	
97486	
125235	
177737	
165233	
33953	
151723	
109573	
82163	
41560	
167024	
93911	
54582	
157089	
65508	
120411	
147145	
70977	
27457	
27305	
12133	
115342	
147809	
120797	
514	
92684	
121405	
374	
20911	
48364	
50001	
99743	
51215	
85563	
122114	
20560	
115953	
6046	
46930	
181372	
175702	
3685	
141689	
172166	
139269	
168982	
129339	
71847	
89137	
176936	
53984	
131452	
175066	
190802	
60691	
137660	
185863	
141654	
6548	
123659	
157180	
44056	
60561	
164811	
48972	
134052	
105110	
186319	
143766	
44488	
22156	
54328	
12567	
57162	
173625	
116238	
11021	
29469	
144032	
98099	
15254	
32220	
171003	
190855	
96175	
54025	
148901	
117112	
167966	
137553	
86870	
8922	
96437	
82000	
98101	
16040	
67642	
56396	
81654	
8212	
85581	
163721	
114547	
5855	
18839	
48287	
25635	
8292	
128693	
71206	
28657	
75098	
156121	
171597	
68941	
179197	
45614	
171924	
192820	
97512	
179194	
84168	
28527	
193294	
116283	
178242	
164895	
8898	
121576	
110652	
194392	
91121	
30969	
71459	
177352	
118021	
123090	
180318	
74747	
15230	
18583	
113872	
14157	
32679	
177379	
116943	
4853	
87165	
182784	
50499	
128722	
56307	
132215	
99907	
145896	
93081	
109063	
136127	
45338	
87137	
177363	
90571	
38503	
179718	
66214	
37046	
40144	
106659	
164596	
65657	
142376	
149251	
125292	
23679	
25765	
134066	
159047	
131395	
105587	
169494	
186509	
77793	
144489	
103426	
144802	
140613	
16186	
128111	
56725	
142166	
169469	
83309	
152920	
117022	
76049	
125387	
78075	
142699	
120576	
97764	
109475	
5473	
70921	
183631	
72913	
58588	
41845	
139559	
168048	
151293	
162861	
29320	
1862	
97149	
180256	
75263	
149115	
88896	
2461	
33262	
193032	
37852	
44341	
33700	
18284	
187605	
138719	
41718	
121039	
183498	
29600	
104165	
76011	
160582	
101961	
146082	
140777	
88737	
94564	
151627	
136982	
88966	
133331	
114549	
100440	
149103	
91873	
63393	
20756	
14477	
74168	
178877	
154895	
94964	
160934	
188201	
186118	
91145	
192861	
20377	
171474	
64921	
93511	
172169	
134493	
16193	
175490	
140396	
140360	
169346	
19360	
60800	
68704	
134935	
50918	
190706	
26732	
1741	
24979	
101176	
186363	
157132	
107066	
19310	
150304	
34598	
4742	
116073	
87876	
64028	
3175	
122071	
62591	
91164	
192731	
102236	
169735	
155952	
194037	
95297	
3189	
43423	
113754	
45707	
106989	
71139	
73923	
191100	
20293	
67866	
78311	
40046	
159575	
26815	
164929	
146989	
