944
178 308
729 816
198 255
535 620
1076 1262
863 867
781 888
737 837
877 962
212 274
593 624
845 913
1240 1274
1119 1216
929 934
930 946
200 276
1170 1274
736 917
716 947
647 654
401 577
1188 1201
1032 1192
1115 1133
817 841
495 574
431 538
845 860
882 963
479 621
652 655
292 296
164 242
1126 1174
619 629
561 584
85 144
1046 1054
1235 1254
922 934
43 137
32 40
960 971
1172 1239
305 317
1208 1211
196 258
808 911
314 317
1118 1148
565 643
783 878
1277 1278
388 649
1116 1250
209 237
839 855
818 838
105 169
919 947
1220 1258
120 204
469 592
1094 1257
156 168
312 314
469 519
913 942
1199 1265
477 541
526 650
433 534
623 624
121 195
287 312
282 288
430 450
269 283
1112 1117
1269 1275
1229 1244
839 907
911 938
814 924
626 655
1018 1247
538 643
556 631
254 266
619 623
1166 1267
40 52
1027 1186
136 184
1130 1197
1069 1094
1069 1159
160 169
877 884
1253 1261
216 294
1065 1264
775 926
1096 1188
138 150
1170 1209
376 590
643 657
778 905
51 79
728 842
130 215
1167 1214
183 235
1014 1015
198 203
264 282
863 952
392 485
835 881
848 896
492 513
643 652
719 757
1101 1273
136 252
917 923
577 595
932 951
36 230
654 658
827 867
377 389
377 488
376 586
1164 1206
373 599
70 135
491 527
582 601
1040 1180
559 604
798 899
1105 1262
1213 1266
1208 1219
922 937
1025 1046
611 656
816 945
293 305
505 522
1203 1229
720 971
240 264
273 281
1208 1250
878 906
225 290
508 612
571 576
731 748
937 973
392 398
573 656
257 306
922 928
244 282
951 954
890 925
1246 1248
1211 1249
1267 1274
1239 1255
964 965
163 268
274 310
882 952
643 655
1191 1234
1198 1238
821 949
834 932
222 281
136 193
100 109
413 632
1109 1222
163 221
484 608
368 548
874 928
1130 1197
872 873
1033 1266
1096 1098
885 961
1119 1240
771 945
1194 1199
245 260
82 206
89 150
473 534
65 280
946 971
742 905
238 295
156 317
48 195
197 210
197 279
129 136
517 519
282 319
793 964
971 973
896 942
476 593
763 858
259 285
405 461
625 633
1052 1071
287 298
917 946
170 275
354 417
728 745
1256 1269
424 514
1148 1164
792 913
222 274
1016 1251
643 648
126 244
263 268
782 957
885 939
739 761
905 916
61 303
256 294
71 143
192 315
855 884
1066 1131
532 539
634 653
859 955
495 536
555 587
836 838
598 630
1138 1232
1070 1255
464 545
557 620
591 657
280 300
111 284
1066 1242
299 318
912 952
727 734
763 776
303 314
569 596
195 312
797 964
263 303
608 628
926 957
40 257
249 278
1250 1263
1021 1156
739 745
236 275
456 654
1068 1246
750 874
1078 1241
1237 1246
1035 1070
545 562
1193 1250
124 245
539 543
395 485
554 559
1238 1250
462 497
879 931
820 939
57 205
497 636
227 259
952 962
915 940
837 970
401 609
531 619
1057 1204
830 844
353 506
569 656
839 908
792 910
575 651
170 205
541 552
627 639
780 917
769 786
1091 1265
639 644
132 257
245 288
879 882
422 462
183 267
1152 1271
763 968
756 775
770 890
42 264
562 585
1105 1138
79 228
47 184
153 264
870 928
746 959
778 782
558 602
40 298
271 302
1149 1260
1091 1269
374 463
1195 1250
364 451
478 627
1164 1201
219 226
516 517
39 128
241 301
411 550
405 464
1099 1251
1068 1174
422 539
32 48
601 612
33 146
843 869
1161 1180
754 912
525 545
243 257
1272 1276
770 815
278 300
446 457
806 907
936 951
792 884
950 972
250 263
1047 1080
1197 1265
882 973
283 308
1120 1269
118 177
1200 1266
538 563
774 970
1245 1266
186 261
530 616
477 557
588 601
561 566
277 310
579 644
959 963
480 651
445 573
1273 1275
1102 1238
440 453
750 903
124 276
290 312
861 910
650 652
193 238
571 612
189 246
739 837
1034 1145
191 314
104 165
620 644
816 820
182 237
242 294
291 294
1251 1274
1209 1264
823 855
560 613
92 316
745 810
94 104
1124 1236
1061 1144
1023 1244
1259 1261
839 895
920 938
161 232
1154 1224
900 965
761 875
37 114
169 294
1126 1144
865 907
1019 1099
288 294
474 547
819 855
36 288
606 630
777 863
294 316
173 202
223 317
166 218
1030 1206
390 455
729 764
509 644
1145 1156
352 549
764 930
891 948
68 282
457 611
914 924
967 972
559 655
869 953
252 278
492 545
307 316
780 959
213 216
280 292
774 785
887 932
244 245
415 652
1050 1209
1031 1266
272 281
764 960
571 593
791 814
431 475
167 229
508 617
546 646
552 610
398 414
1035 1224
1175 1273
1076 1241
927 938
441 446
292 310
958 959
180 257
1114 1115
253 284
1120 1220
139 208
830 869
374 504
506 572
1140 1159
1089 1199
886 918
245 273
484 630
723 836
769 890
567 589
352 391
790 796
1162 1222
724 940
1276 1278
643 658
1089 1128
401 542
816 948
735 970
1189 1214
527 553
436 502
105 301
914 926
890 962
135 145
630 637
474 591
879 969
830 904
476 646
924 927
116 164
723 838
818 835
965 967
454 606
152 248
138 244
1129 1208
921 962
73 244
601 620
251 294
442 640
391 466
928 932
1069 1128
622 636
968 970
498 510
746 954
939 945
1228 1246
32 201
964 965
232 317
465 602
1224 1248
264 301
270 283
264 280
1232 1247
814 823
1062 1244
796 935
288 301
821 922
1241 1265
38 302
774 901
540 542
468 600
485 563
1040 1077
1149 1266
886 905
73 303
432 655
740 899
541 640
949 971
121 209
1203 1272
212 236
718 929
280 316
405 438
887 953
289 295
1015 1129
96 185
1244 1255
1225 1271
1068 1113
893 899
964 970
942 946
26 169
899 957
1114 1161
869 889
447 535
1116 1163
241 317
202 302
241 309
1191 1233
1116 1130
776 860
723 875
1164 1177
496 600
849 900
1184 1213
31 299
849 973
1039 1268
378 474
124 269
799 936
1066 1115
129 254
1243 1251
717 788
516 549
512 650
167 229
53 308
1268 1277
245 286
1182 1214
564 647
541 640
923 959
838 847
826 869
861 904
1037 1150
564 591
727 784
236 240
738 915
126 252
1211 1228
889 892
965 968
109 152
1040 1147
305 314
1185 1202
1011 1126
833 849
1176 1195
915 919
847 947
314 315
852 876
70 223
103 316
1121 1183
258 317
1195 1203
1139 1203
795 936
1060 1145
1156 1169
966 973
794 939
492 537
738 912
574 641
654 657
758 819
1241 1272
1136 1161
1115 1178
483 600
1079 1088
877 884
130 244
793 969
932 967
1198 1243
272 307
840 847
1101 1210
958 968
1144 1215
789 944
963 964
1258 1273
645 656
756 933
715 834
1121 1191
197 214
785 911
941 966
1065 1091
644 652
654 656
1176 1263
862 960
158 263
582 658
205 231
1052 1114
1265 1271
279 295
159 162
531 584
111 138
737 766
721 725
1270 1277
1131 1226
1243 1268
731 828
266 316
965 969
1097 1186
94 132
149 221
494 620
730 900
639 653
862 900
46 139
1181 1210
1248 1269
797 893
471 595
1148 1161
486 603
591 657
861 902
49 87
1081 1197
276 311
35 258
719 920
1141 1233
932 938
26 294
552 638
242 287
145 304
1140 1250
1108 1275
820 903
774 872
864 890
910 913
350 599
1171 1252
917 952
222 287
1027 1197
825 852
890 918
1236 1253
771 776
281 292
1173 1211
575 589
922 970
1129 1143
1176 1231
133 248
316 318
1256 1267
894 917
583 633
251 295
54 254
948 957
435 520
1154 1164
399 512
502 537
446 524
1073 1177
775 799
774 910
548 574
1181 1216
587 602
147 279
879 886
27 146
588 653
505 520
638 647
413 620
905 965
1159 1278
1085 1264
1098 1221
1232 1254
892 929
215 263
376 448
606 658
855 973
1261 1267
908 913
217 291
370 413
952 955
309 316
1032 1259
772 781
924 959
437 503
967 972
1259 1268
915 938
1261 1268
1080 1253
1130 1132
820 824
236 285
175 196
806 817
478 522
1152 1230
69 145
1241 1250
477 601
845 930
506 621
631 632
1242 1247
1088 1133
629 658
627 632
385 594
1128 1136
497 657
555 562
1244 1276
612 655
131 215
719 871
962 967
140 312
1203 1276
83 103
515 526
114 181
793 827
1047 1141
165 276
286 307
1224 1240
885 894
1136 1177
788 831
553 616
149 299
486 624
1042 1049
939 941
906 919
770 781
654 657
563 655
1187 1243
82 314
515 613
895 935
1088 1187
1135 1139
1181 1279
512 520
193 215
1064 1272
538 648
1184 1257
492 538
225 231
1106 1109
1149 1255
480 486
558 564
1179 1242
245 293
1248 1267
769 922
606 623
451 524
728 968
250 274
308 310
162 258
1143 1251
725 887
883 946
816 901
1098 1115
1088 1131
1255 1263
367 498
585 623
136 253
527 548
730 767
104 295
555 586
1042 1049
526 606
637 645
1126 1276
780 881
206 278
947 958
1258 1264
1033 1112
421 479
317 318
86 136
862 967
454 619
1099 1224
361 536
916 964
764 887
547 565
116 133
850 933
823 892
1190 1266
958 967
872 920
1005 1033
601 628
181 215
891 948
637 649
403 481
926 963
33 217
1174 1200
1044 1055
1210 1276
779 840
867 956
1154 1172
