4500	3250
3910	284
1054	4212
4264	2422
3166	1666
3621	1821
3481	2508
3944	3825
778	619
2388	4358
950	1909
5151	2344
4343	1778
4535	5135
2070	2326
783	2640
2980	4797
2306	2090
2031	1031
1425	1452
1499	1558
3912	3022
2440	4887
1469	4207
1656	2500
957	4640
829	1654
3489	2008
4796	3912
2855	3880
839	500
3989	2556
1301	4903
1910	3364
3041	1526
5185	4156
4608	1611
3815	1168
5040	990
889	3766
1842	325
3168	328
4005	4997
3996	794
702	4704
2351	4962
5209	286
1949	3078
812	4333
1460	1961
3603	1209
1751	893
1246	1957
1996	4431
4575	1620
4546	4418
505	2466
2654	3098
4009	1625
3413	3374
2714	4038
822	4828
809	3546
4890	4864
2384	4370
3418	4886
715	3177
1061	1826
2254	4959
2292	2522
4086	4672
3725	4660
1003	578
1397	4473
2379	3518
780	3509
887	4475
789	2218
4499	4976
3036	3780
2650	5000
1488	4850
3692	1793
5154	3751
3474	491
3214	226
4471	3858
2196	1099
3007	4130
3375	2695
4454	1495
357	3514
3044	4085
593	4464
2400	2210
4256	4841
3160	4883
3637	1754
1708	4599
4191	3690
4707	2618
3197	4181
4496	1393
416	1134
4989	2729
713	3793
1818	2551
2195	3333
1840	883
2543	3602
4751	1523
1818	4456
1418	712
1500	1244
3061	699
2537	4410
266	1087
708	4782
5000	3178
549	4706
1340	984
4642	3163
1433	298
3467	3331
2674	1032
1078	2020
1750	1787
1882	4149
3802	5036
3122	298
2473	1307
4958	3528
231	3622
722	4746
3502	3004
4840	4409
4619	619
970	3994
2049	2937
591	3233
3964	3265
2245	4224
2635	1819
5035	1272
2036	4447
4712	2037
3183	1859
3010	310
428	4445
4096	3308
4792	4162
3010	3246
3184	719
1447	1407
1689	590
2845	1610
4967	2022
984	3370
1776	4170
1418	5118
4856	537
1685	3948
1795	4180
1648	3431
1082	3819
5045	1630
3309	975
2391	227
4170	301
4185	1077
3200	230
3999	370
4923	4078
3552	4661
2198	3880
938	3173
4682	2263
2571	5184
4056	4662
3800	4543
4847	823
1342	2515
2168	2112
1871	4848
3130	4289
393	523
2672	2134
3268	4111
4643	4153
2884	4981
2060	1610
359	3219
1530	3622
4618	4127
1497	409
231	1351
507	4389
1747	1643
849	888
2503	2416
4929	4732
5197	3124
1991	2008
1025	2785
4275	3455
4938	1978
2498	1331
4971	2850
2659	4908
1027	1950
1327	2421
5079	1678
1988	2027
4055	4615
652	3126
2291	3600
4008	373
1560	2314
2736	599
4355	4612
4878	3927
4773	739
3800	3908
349	3445
1717	1063
1030	4572
2229	4938
5039	5044
478	2984
4893	3010
658	2411
5179	1821
4598	262
3313	2671
4763	4520
4944	2586
2167	3450
2154	1154
3730	781
3931	4355
4261	1085
1639	4939
3563	4263
2523	707
2022	4254
2591	249
2746	3500
1642	1218
3569	5170
3283	1468
4625	4378
3516	2661
2082	3689
3897	486
2104	4774
4153	4644
2045	268
731	3241
3539	1656
637	2897
4044	3050
1126	3254
3609	4020
3421	2453
479	3641
3892	3455
1126	1993
484	4842
4212	3914
4581	4402
4544	2503
4617	4660
4387	229
4516	2349
2311	319
4409	2081
5137	918
1912	2130
2685	1478
2644	2517
2151	4195
1786	1532
3672	302
1021	2086
2111	5183
271	3952
3175	2862
1164	1177
1527	2039
2361	3335
4106	443
2957	4926
724	2065
3242	1163
2278	4235
3253	2291
4876	4976
4108	5074
2782	5050
1070	3036
2697	2645
1044	1670
5027	436
459	448
3943	3713
5017	729
1783	3975
2021	631
1277	3467
4542	859
2844	4067
4233	294
2739	1089
2580	1899
2931	1794
1920	1736
2482	3081
2606	2993
639	4362
3696	515
3039	3971
1843	4168
2875	5115
2917	508
945	890
1391	334
4113	1036
970	3818
4396	3492
4832	1407
2998	3817
698	299
307	1910
1990	1627
2654	3751
5158	4446
4222	1323
378	3738
1368	1355
4775	4784
3148	2636
2580	339
2157	2887
3460	4884
2288	1751
2994	3553
3905	4916
1674	3460
3932	1432
3708	1596
1220	2968
2714	4344
3913	2655
784	3681
3585	1983
1650	4931
1550	3605
3247	1922
4810	2835
1824	1119
3647	1283
1897	876
3272	3131
2526	439
3303	265
2011	2005
4850	842
731	4535
1864	4917
4194	3653
2030	1216
475	3493
985	2354
1288	4390
1002	770
2317	2224
2073	3089
418	1221
3057	1717
4564	3143
885	2765
1359	1101
2456	3975
3206	1796
2903	982
3538	5222
3885	5024
845	846
331	4416
929	929
1623	1717
2852	3404
4148	3617
2420	885
1603	5113
3585	2893
3876	2927
2434	3325
2782	242
932	2230
671	1497
1835	4861
4569	1954
1901	623
3137	3344
4444	3293
3684	3554
5219	3190
2403	2308
1762	752
2921	620
3654	2632
3318	4421
4405	2182
2443	4727
4952	1049
3629	1265
1018	2741
3562	371
4523	4832
3252	4100
2039	1354
2576	2602
1798	3487
1122	1243
3949	4082
2406	4499
522	2179
2782	497
2165	4514
3771	513
477	326
863	2036
1876	1536
4474	2520
276	3102
4028	4191
1806	242
408	4313
1002	961
3603	2248
3115	1030
3969	4408
355	2786
1081	837
4041	2653
3181	2296
4074	364
651	5142
3722	5200
3612	1991
1464	3055
439	3246
3152	3411
4155	3075
3181	2717
2168	1946
2407	3393
1260	3541
1244	1704
1133	4393
520	3535
1321	1102
4973	3730
2134	2771
2906	428
3798	849
5103	3072
5017	2243
1149	860
5085	777
1687	2960
1139	3001
3001	1153
3005	3311
2369	1576
4188	4181
1554	503
1662	3781
1488	4961
1042	1185
3821	590
3682	663
1739	4485
2553	334
3741	3541
2603	4630
2124	3614
3623	476
3068	2614
318	3434
4736	1871
1037	2989
3673	1150
741	522
4059	3849
3917	3620
1951	1459
4433	1011
4275	4479
4931	1301
1685	1511
3095	4373
4058	4713
4392	1703
1196	5128
2916	4612
4846	1449
3673	247
1197	618
274	1539
2574	4969
2360	410
1200	2378
3409	4325
1950	5056
3062	2010
1181	1607
1975	5183
4453	4862
719	3726
1537	4180
2750	745
2906	3509
3686	4325
481	869
368	3282
887	3423
2554	858
1686	2973
726	518
3723	2627
438	5121
1638	2382
1102	3733
1892	1187
3607	2850
4882	3984
3112	4811
2059	3049
3295	517
402	1363
2788	2983
2327	3253
4651	1513
4736	1158
546	4664
4731	4775
1512	3075
286	1097
1091	4960
4357	1029
4068	4895
992	3926
4767	2944
4998	793
3098	4914
4851	1938
2229	3984
2917	944
3660	1593
2424	2098
3941	3179
1026	1887
2571	4504
2930	1853
4028	4222
233	1838
744	1499
1288	931
1109	2166
1156	534
2565	2341
1905	1315
302	4286
5015	1942
2123	3915
309	3087
2079	2328
3217	2493
3053	3892
4249	4443
4479	3390
2185	417
1150	1664
2431	1990
1439	678
2369	3570
5203	4171
1280	731
4388	380
4345	2995
4695	4049
3635	2931
946	3630
4170	1447
1726	4034
2331	1171
1687	3223
3771	796
4163	539
315	1155
493	1427
3305	5184
4432	2010
4597	4084
4643	4852
1533	796
4790	2130
3968	342
1282	3456
3474	2137
1037	1127
3361	3768
1837	902
666	2075
5193	4609
4326	5059
1629	4328
3221	303
1576	1054
3179	695
515	1089
2091	4210
2117	4332
1397	3589
2232	684
250	3665
3134	3665
1559	1495
592	2033
3839	4998
1604	3215
4198	1339
1465	967
2570	4863
2906	1712
4209	3254
4004	4514
3422	4667
445	4339
2201	3870
3935	4522
5221	2661
1165	2536
3514	424
4248	1299
4548	4541
5020	2298
4046	1705
929	4646
1276	3822
3787	2303
2269	1664
1062	2478
2066	790
4004	1487
244	623
1647	3532
681	1666
4158	887
5128	556
3237	3474
1312	862
4422	932
932	4101
2894	998
4494	951
2144	908
3473	701
656	3110
1793	976
716	2111
3408	4318
2987	3712
1391	5032
502	374
4835	879
1115	4154
4634	2832
4461	4798
3744	3812
5065	4991
3416	3040
296	3637
3768	4853
1538	4834
1698	2888
4875	1229
1681	3876
3218	3189
1980	3955
297	2382
3000	2481
1652	3553
3842	1937
1699	1681
5004	2582
4064	1584
1904	722
3073	1463
289	2570
1207	1901
1284	3314
4258	2906
1593	1880
3629	4556
1836	3680
3025	3715
2897	1326
2678	1537
257	1349
768	1540
649	4408
4499	927
4865	4745
2114	5116
1898	2954
1624	4296
1610	4509
4954	788
2403	1452
3163	3961
4608	4697
4394	2445
5213	3948
5022	2209
3728	4604
1351	1714
2722	3156
2738	4977
2532	2503
4764	3743
1812	3531
2458	2683
1084	5177
2096	2441
3815	2255
4083	2891
1775	2016
3863	2193
836	1383
2232	4708
1501	1976
2748	4423
4681	609
4282	2748
4613	5155
738	2748
2905	516
3616	4616
887	3168
1443	2978
3420	3894
3606	5183
634	2011
750	2790
3972	4105
2796	1330
4720	4651
3760	1198
524	4619
560	1357
1681	3477
3934	2624
3238	3612
832	2524
2679	489
3518	4219
3631	2852
4998	3142
5038	1651
3239	3449
1151	4393
4751	2588
3500	1477
339	4465
3273	3869
1447	4372
2852	4831
5096	2745
2655	2250
1516	4430
1147	4841
4207	816
4311	3908
902	2630
2677	3202
1786	4084
3635	4205
4665	1737
3243	805
518	1290
3956	311
783	4573
1247	5039
3637	3162
5059	3329
359	4400
2422	3858
856	680
4198	4038
597	3160
5056	5024
343	1269
4333	362
4975	4690
2823	4168
2146	870
4084	3010
1353	242
2442	1943
2543	2319
703	1165
247	1631
3937	4548
2366	2836
2555	1859
1710	977
4261	4336
1634	2757
1992	4078
4522	4940
1109	925
2668	3225
2395	3569
5065	2752
1478	5037
1822	1494
4004	3920
4726	3007
4978	3175
2548	4448
4340	798
1409	539
2528	4159
4333	4078
642	2103
1853	4832
508	4568
1419	597
865	3771
3619	4472
1926	2216
4091	395
4329	4463
727	4999
389	5055
1792	1303
2401	362
5188	405
1292	1757
2316	433
1784	2360
1730	858
336	4993
2924	321
734	3157
3847	2701
4116	1139
3850	3428
2587	437
1082	4146
1768	2136
1995	356
4093	4819
3339	2769
3333	3181
1885	829
2544	3161
3399	416
4499	3872
5096	3191
313	2542
917	3271
2111	1404
3777	4094
2715	1903
2829	2368
1358	3870
4894	1727
244	1094
1950	4425
4007	2152
5074	2738
3685	2105
4793	4047
2892	1395
4038	1729
980	3102
1736	1303
4985	3630
3257	1185
744	417
2342	506
3399	305
2259	3020
979	2792
2017	4562
5164	2788
1201	4011
4887	3292
905	4336
767	3113
2418	2345
1557	1044
727	3616
364	1397
2751	4948
3800	2657
2385	2227
983	3386
945	1567
3409	4252
3895	1159
2360	4913
1196	1676
1931	4194
2964	4911
1894	442
4275	823
754	385
300	3420
696	4383
3661	1993
359	3599
1801	4205
5170	2565
3670	2887
2008	4477
4278	5183
260	2305
4051	4800
1601	1871
4464	2895
3636	4373
961	1694
3012	4855
1500	705
1229	2390
2536	2275
4438	3102
2948	2606
1256	4479
3685	4778
4227	308
938	4007
3044	4622
2145	1789
4119	3127
247	2315
3848	4030
4465	3351
3168	1798
454	1571
5208	919
2304	3935
1278	5172
321	3145
5071	896
4414	560
4958	4580
1063	1258
2895	1352
3772	779
4503	2339
3448	1722
1526	3936
854	2096
887	786
3447	3025
1219	1842
3074	3835
2426	715
2747	4458
3830	474
1020	806
985	4534
928	4552
843	1611
2629	2439
2396	3521
4543	5152
2207	2464
882	2378
2404	4259
1538	2229
3292	1005
4608	1659
4309	3031
1490	2280
3082	3379
3777	366
3674	2735
1874	4835
1611	3438
3114	787
3978	4575
867	3949
2787	2518
3346	3598
3829	4644
1699	1691
1596	2125
4943	674
4421	2429
2331	447
915	4752
2982	4098
1485	1467
439	2002
1588	251
530	1829
3736	1270
3544	3750
1439	1747
3181	485
5171	2624
4813	1984
2748	1069
4568	2801
4250	4981
1563	4940
270	4780
4007	5190
4888	975
5167	1345
4244	2021
3678	1940
3047	2569
3134	1506
2549	1957
2288	2597
1156	3448
1240	1710
685	1733
1244	3336
4642	2858
3967	457
4377	4115
3864	2289
5068	3660
3836	1618
2997	1884
3209	3447
3686	1565
3964	4774
3001	904
4575	4303
753	2055
1998	3479
5203	2782
4872	1101
480	4065
1055	3052
1008	4268
979	3911
4057	1990
4697	3318
3191	2833
734	3102
1699	1421
2393	540
3317	4786
4844	4284
3825	5055
4878	1868
1011	1060
4244	1722
3313	3259
4379	4388
735	2377
2427	3354
4068	5189
3789	5009
2072	3702
5145	260
5095	4884
4584	607
4999	1433
2023	4881
811	313
5031	3605
2922	4338
2764	2258
5068	929
1097	5099
4894	3650
2926	3721
267	1605
2031	2505
2350	3201
3608	2976
2842	1203
3863	404
577	597
4658	1964
4990	1940
4644	1528
1065	1807
3860	2429
2393	3602
3347	4408
2841	1012
3201	5038
3527	613
229	1300
1736	2540
269	2151
3175	1022
2002	2944
2153	2288
601	3354
3445	4636
4038	1898
1437	3234
4227	3479
2829	474
2435	2138
1422	3685
1974	2702
1786	2457
5202	2772
331	2816
332	1103
3693	3885
1211	685
3318	498
2178	3604
2654	2682
3117	3651
1044	3083
2946	4319
2022	426
2726	3537
5023	2993
2185	1195
2408	2085
4099	1002
1056	3340
1386	715
1587	4690
4543	4613
4385	2548
4687	2153
1155	3361
3624	963
2117	1942
2600	4922
1990	2791
2795	2781
1534	4328
3593	1669
3611	3124
4859	3834
4078	4847
1353	651
3732	4729
5114	3179
2316	4613
4671	1283
3264	602
4900	3057
3817	308
1267	2625
1799	905
4806	2786
4696	2865
4840	3344
2505	1917
3016	1930
2210	1027
1890	4145
2660	3478
1441	3460
4886	1525
2147	615
2816	4366
3189	3461
2858	3079
3449	4057
5158	4560
4847	3371
5006	966
2108	945
2418	1374
3948	3918
4003	1841
3035	3350
667	4423
5110	334
1935	1716
1553	4560
1025	432
605	1412
4737	753
4334	311
4402	3119
1342	486
1440	4025
4451	2257
2103	5084
902	3544
3802	2256
2052	249
2969	3065
4067	401
290	2820
4837	1158
4238	2283
4339	1333
4591	300
1128	4214
1417	2474
2017	5122
2436	2552
4804	4642
4841	749
3796	2241
643	3656
4277	341
2352	4810
5211	1512
5062	2283
3577	4519
4142	3355
2944	3160
4410	3079
3373	4683
4237	4477
3387	2527
2397	500
587	2430
5160	3543
4425	1352
2299	4451
1985	3414
4298	2230
5042	378
1307	1156
5171	2320
1577	477
4552	2159
3497	3630
3980	3835
1811	4206
3407	4055
4754	614
2926	2635
3052	1355
298	4836
2716	3052
2290	5000
1546	2012
3577	269
3407	3531
1885	1501
4818	3128
4247	4270
1477	3931
373	5001
826	1943
2044	1382
3510	680
1932	4901
3642	2400
5137	599
4229	2981
4255	2601
3683	2038
3283	2602
971	3305
853	1082
3094	1915
5178	2533
4841	3935
4387	4961
4138	5042
1151	4319
4220	411
5037	5028
3381	3724
3417	1101
4933	3718
2943	5006
3467	3098
807	954
4366	2332
4771	4697
924	4095
4255	3821
1400	520
1640	548
4185	3675
4876	4348
765	4088
4145	550
2039	1699
4296	2978
883	2368
1349	3690
2359	3360
3850	2964
2174	3093
2937	4193
2367	2232
5154	4329
3053	2351
3550	3344
3733	4790
2241	1313
3857	945
1806	2326
5123	2409
4770	3571
1710	2017
4552	1195
702	288
1053	349
5195	4911
3505	2770
1428	2726
1411	2575
4964	2953
1188	929
4058	5105
3010	4976
2538	865
3016	2885
1854	1106
3493	3431
937	543
2857	1730
2540	2689
256	2107
4568	254
4320	868
4618	242
564	1370
2272	4215
3573	3626
1969	1575
4885	386
4629	3354
887	4492
3752	1084
4909	399
3155	662
2965	4955
3848	3380
4440	3203
1638	4492
2689	2137
3338	3393
3519	4705
2205	735
1941	595
4827	1231
3191	3604
2460	4113
3867	532
4941	1126
4205	1543
509	3866
1757	346
2560	2384
1429	1079
1495	3399
4676	4617
478	4433
1804	3722
3994	2669
1836	4937
2081	2756
5148	3410
1068	4024
1953	2208
4329	3744
1650	3603
3136	2755
416	1361
1811	4841
1597	562
2378	2850
1969	2659
741	844
3610	4971
4749	266
3130	545
1191	4157
2802	725
3444	1329
1221	2081
4611	4293
4796	1920
3753	4451
4327	3247
4132	1886
3069	3191
544	4123
1147	837
1420	1046
4615	2402
2284	3613
2468	1417
225	1956
1655	691
4940	1705
1370	507
4711	4071
3206	2357
269	2263
521	3497
1715	2475
485	811
565	3969
2532	413
3757	3487
3379	1082
3674	1942
3316	4069
3460	3154
5023	4337
3024	485
4910	1271
4690	1883
2984	1079
3426	4840
553	4001
2222	4353
4701	388
4137	689
4826	2192
2517	4175
2906	2557
1908	4996
4615	1898
4909	283
2829	1250
1743	1742
4230	1483
4915	4182
5098	3936
830	1016
661	5132
2791	3610
1495	3262
4498	1031
368	967
2687	1310
4841	1798
4500	1859
4247	1409
2479	872
2392	2065
2618	233
3874	305
1981	2654
2483	3401
2138	1381
1249	4474
3139	4506
606	1160
5107	476
4570	3279
1847	1852
2952	895
3045	2558
2039	3201
1091	628
906	1846
5139	3023
1774	2182
333	1079
2574	2761
3369	3029
1317	3309
533	4732
3399	1641
1553	4960
1957	428
3489	4773
3613	1488
3663	1427
3410	281
810	2350
3842	3233
2169	2010
4596	4726
3457	259
898	4685
2418	819
5164	4572
2580	840
2259	1729
4374	4347
1377	1281
5045	920
5039	4996
4991	4962
1627	3845
475	3939
653	1197
1259	2671
2467	446
4621	635
3167	3415
1227	425
1406	1581
1744	895
880	4057
4923	2829
3601	1402
3607	3463
4059	773
4153	2846
353	1814
3224	4673
1829	3998
3753	2665
4743	1824
5125	2990
952	5031
1259	3394
3204	1594
2064	1568
4536	4514
2753	637
4713	2226
1084	1113
4160	2577
4797	1056
2013	1648
716	4473
300	1373
732	3222
4519	852
5068	3987
2372	3039
1167	4420
809	2252
5069	301
4774	266
1058	1930
1223	5190
2999	4087
994	4950
1416	412
4674	3990
1320	4129
1281	3553
486	1882
267	3750
2369	1819
1627	2994
579	4435
313	2062
3300	1848
553	1873
2940	2746
3407	3119
569	4830
2477	2308
3224	1002
4615	4476
762	2351
2974	4409
854	4987
3005	755
1725	1397
490	4047
3740	5056
3136	4108
2295	1260
4180	4234
1219	3881
3874	1308
2636	1153
4661	4363
2034	4217
4409	5205
2255	2959
1293	4151
1181	2761
1865	1088
3108	3379
3412	4632
5039	515
5173	1381
3304	3768
3368	4695
695	1688
2204	2668
3800	2012
334	1809
1884	1328
384	4905
1346	4774
285	3411
4196	2445
2506	1979
543	3564
350	5061
2593	2009
4816	1647
4730	4680
3586	2355
324	1082
225	991
1294	657
4343	4948
4095	3892
958	2295
4953	495
3665	2887
2669	1836
996	2163
4198	3669
688	873
2256	3947
727	4293
3223	5096
3695	5196
4923	914
3454	4764
3170	5147
1771	4501
891	405
4091	3892
3069	4649
2472	1785
3590	653
3032	2249
4109	305
5029	4404
230	4075
411	2445
2001	2344
1725	1556
4191	3113
1113	1240
4311	4396
2250	3615
1162	1702
5063	3389
4888	819
2421	2305
425	1830
915	3754
2105	2636
2074	5109
1912	1884
3831	3298
225	4662
4473	3092
2891	3632
3999	2759
4369	2066
3858	2631
4011	4616
2447	2558
4942	4918
5073	3286
1175	797
3016	4580
3287	3260
2257	3305
2719	4927
287	3640
1917	548
1446	4471
319	4455
2998	3181
1890	409
1361	1626
4643	4492
929	800
1029	292
4613	1275
4447	325
1678	3372
1896	4866
2875	3761
3344	1974
3838	4096
1996	2005
315	995
1375	4370
1114	560
3092	516
4252	4332
1194	3350
2224	3223
460	4061
2458	2872
4136	2145
812	819
928	5119
3724	3353
3414	934
1125	706
1843	4939
779	925
589	822
326	4295
4707	3458
3886	1156
2740	576
471	791
768	4911
3753	514
2279	2083
5218	1351
3308	4075
2339	676
1399	1865
4181	954
1364	5117
1777	3677
2235	3374
4499	746
4301	374
4512	4768
3392	1267
5117	3146
1979	5061
4576	3006
1909	5050
517	3956
3066	2512
1678	1278
3191	5165
1316	736
3409	1374
4460	1329
1980	2064
1239	4001
1466	873
854	1188
1956	3164
3313	1452
2522	2050
4290	1792
3903	4844
3644	1500
2787	1036
1892	4342
1842	2422
1316	1207
3073	5017
2010	4576
4864	2672
3996	1134
3156	2613
3891	1394
2338	1747
409	4012
5084	4400
5100	1837
2503	3377
4837	4829
2573	4231
1343	482
3929	651
5119	3860
3500	2431
1033	726
3791	584
4545	5079
3507	1915
3930	4711
3328	1500
4305	3697
1931	1500
2181	5095
4896	5066
2033	1664
4723	1933
269	4052
2733	3530
771	3559
3517	2939
4973	4176
4478	953
4939	3044
2058	503
1908	1108
4570	5083
2811	3555
1283	3439
4927	1168
2496	5114
1827	4939
302	3955
1544	1492
1441	3842
1486	3676
4588	3782
4213	4915
387	2090
4627	473
1852	4486
1927	3097
4015	3750
2773	1789
1468	4975
940	2710
2124	4827
4450	3958
3905	738
528	1071
4122	409
962	3130
4043	4158
2051	2801
2756	3343
4249	231
3453	1772
4711	2723
551	3719
4285	1514
1823	5138
2561	2852
2109	3662
1489	4647
4897	804
5051	3532
2597	2386
3225	3235
1909	1233
3337	2456
3523	4022
3146	1041
730	2236
3916	5163
717	3599
2651	613
2658	4034
3579	3433
4048	1086
2583	2088
4609	4822
3631	3411
2438	1267
3679	296
1333	2374
1513	4474
4643	1254
2720	2990
1837	1540
3500	4056
375	4495
402	4681
3695	3367
398	3892
2677	4225
1238	1684
2611	4699
2645	3916
311	1261
1861	1721
1793	3016
3643	3193
480	2875
3117	593
279	1876
4221	1086
3525	3275
2327	1834
874	4734
711	2944
2954	2718
5208	3917
765	1176
4249	4072
1983	2416
927	3407
4247	3596
2651	4091
2948	3403
3296	3411
3488	621
4137	3639
448	5019
1167	2708
2728	926
5019	1691
4757	534
1146	3774
1410	1418
2056	4918
2669	728
2140	3860
543	948
954	1549
5189	1078
3500	1401
706	4225
4892	3490
2144	4746
770	4714
5152	3842
3561	4296
2271	3749
743	3312
2094	4514
3383	1180
2460	535
1075	2618
2496	499
2313	4485
642	1166
2771	3696
2809	1841
1644	1026
443	2253
473	3187
259	346
2297	716
602	347
4903	814
4520	3769
2146	1231
3081	3213
2579	1931
3632	4905
3526	5000
522	653
5151	1647
2819	588
3481	4573
3194	401
1188	3967
668	2475
331	2976
499	2781
4510	4415
1752	342
2892	3549
3661	4476
4269	2726
4234	3178
4247	4167
4087	5074
3006	3278
777	2821
3625	766
1802	2531
1570	956
4374	4714
2086	4075
4249	3425
4994	1959
4367	2199
2892	1433
2359	3924
1691	1862
5045	2257
1272	1031
235	1767
1213	4507
2985	428
3137	1206
1159	2668
389	4536
1286	3066
2619	2853
366	3891
4398	4932
5051	975
312	1315
2710	974
3148	4323
560	2267
2325	2471
4983	3222
670	994
4918	1033
3930	2659
1637	1201
907	2573
1666	330
3156	2064
4395	1118
2826	2477
3689	3044
1289	3511
2529	369
4132	4601
3241	4503
4150	2397
3520	4127
4745	4071
3755	356
4601	926
1223	452
3946	1433
2783	1187
5000	1477
1903	2063
3670	3173
3591	2750
2376	492
2509	1515
1916	640
4623	3279
3651	1331
4826	2901
2399	1561
2777	5065
288	1437
4862	3811
833	1391
2926	1298
3430	4639
258	1794
3299	3171
3002	5079
2377	2660
531	2752
962	4855
2187	2678
2094	372
4082	4411
1306	3672
265	5202
2693	1905
1439	4423
4174	2399
3289	1078
3149	3394
3094	937
1256	3137
3067	1389
1011	923
2699	399
1335	4691
1428	4940
907	4282
1624	2036
1279	3824
5154	4536
1588	1216
3586	3696
5018	4514
2125	3738
370	4336
4289	4039
4270	4679
4869	4174
3314	2383
3674	4674
2394	1198
1102	1463
2796	905
4760	4971
2375	508
2609	771
2747	2661
2567	4063
2319	4829
292	2950
2109	2631
3592	3385
1202	1039
2066	334
981	2121
3233	1954
1492	3111
4648	806
3841	3526
2451	1894
1897	2485
2939	4687
3572	1789
1100	1293
4788	4975
2475	4438
1920	1737
548	3222
2090	1151
2032	4540
2441	3889
2569	2243
5171	1936
2454	3162
2899	2523
1780	1061
2563	3414
1116	3089
4701	4803
3715	978
4188	2753
3917	2066
2168	3303
729	1950
5154	2051
4456	3320
1486	1350
2368	1425
4438	1354
4581	1994
2802	1170
3337	3265
2598	1900
283	3130
1021	4592
4860	4497
4752	1601
976	3542
1081	3212
1671	2712
2302	4731
2262	2091
3870	634
3900	4310
1702	1502
5054	1834
3279	902
2979	5172
4357	4785
1475	3148
4079	2361
1827	4996
5164	3559
3304	4416
4487	5083
4568	2316
3064	2905
1260	301
1644	5216
939	4267
3863	1631
1221	2080
5213	430
3620	2071
830	1710
1456	3801
2584	898
2261	2473
2702	311
313	3946
1489	3412
2279	3077
2236	256
4457	2415
3812	2945
5009	655
4388	2406
3829	2348
4906	252
3153	4040
652	2795
4969	3894
281	1460
3423	1766
757	4202
4407	344
4300	3958
5072	2437
4883	1573
278	4766
1645	2682
2646	4396
871	5050
5053	3895
5052	271
5029	374
1703	2873
4306	3312
3686	1039
2601	2400
634	893
1516	1694
1536	2817
251	2310
3994	3571
3538	3731
4155	3932
1294	4145
4861	4039
1839	2681
1328	2380
1898	1916
2218	1961
1301	1712
2781	1025
3783	1771
3570	872
3107	3045
1048	3649
3604	4094
3601	1124
1190	1526
1278	342
3316	2670
810	3823
3828	3659
3516	4441
2148	1991
1607	642
3755	702
447	2618
1069	2071
4011	1599
238	643
539	2182
3241	2717
1567	1475
1914	1451
1022	1089
2284	1807
4856	1877
2840	600
883	5162
5087	2850
1680	2912
2967	1377
2794	955
4267	4730
4786	4822
4199	4532
3222	2968
3658	4827
5089	4591
3756	3889
4721	3334
4771	2392
722	4001
2738	1089
2756	4162
2681	5202
1538	4907
5092	1899
4529	4528
360	2640
4123	1669
3489	4082
1368	5009
3337	2567
4127	1268
4025	2526
2392	4530
3393	2299
1033	4660
4344	3100
3262	4238
2904	2561
3802	575
2551	4877
227	4880
878	968
1501	1063
330	1266
4432	947
3549	4815
4153	3742
4578	3420
1235	3235
1413	2425
3682	1768
1545	2481
2947	1501
1144	833
3489	2825
4954	1517
661	2555
3044	3024
1965	3001
3528	540
1329	1655
1017	1381
3853	4278
538	2825
2717	1301
4140	251
3191	4523
4728	3800
2842	3238
4535	1627
1323	1931
2041	1631
2416	5154
3404	283
2225	904
4308	247
2840	3591
5138	3625
2329	3433
1981	4100
4224	1979
1834	299
3068	336
4786	4864
1733	1612
2563	1944
4240	386
4279	2450
301	810
1127	2817
2640	3637
942	2618
804	1857
999	3624
1080	1011
780	5052
3398	1744
3333	603
1468	2136
624	426
3547	2168
5024	2277
1308	2505
5213	1418
2011	1429
4371	4023
1686	1514
2961	1613
1637	2818
2802	4889
3239	3338
4189	4332
3115	3559
4861	4980
2801	4038
3223	3904
4429	1131
4098	2662
343	3336
2509	3491
5047	723
1853	4484
3180	1872
3362	3387
235	3441
508	1531
4714	4982
4604	2431
3783	1579
680	3011
4677	4562
3534	1297
4945	339
3099	4573
2327	580
2965	3740
837	4860
419	4179
3209	1313
2700	5124
592	1440
4745	3499
4061	3565
3969	2391
4920	3064
3659	523
4209	1349
3382	3237
3222	1691
3827	4222
4263	3742
4924	1861
1699	4362
267	3628
1058	1309
1669	3348
4490	1049
5197	3398
3696	1171
415	2041
1150	1936
1150	3691
1682	2653
509	745
3732	5122
3887	3478
3187	3514
2053	4212
1833	4083
515	3639
3671	2193
4308	4059
990	767
1563	231
4821	1714
2300	3233
3071	377
4850	2537
4257	1358
4140	5046
2762	2501
4961	3959
4467	4517
3137	4841
4047	911
1879	1125
2741	2744
5156	4037
4109	1775
3154	3406
3169	4806
4021	411
564	2955
3599	4875
387	4421
3640	3458
2919	1071
2248	3601
1258	4100
2265	3417
1071	4980
5094	2091
1822	3918
556	1754
3343	1818
4214	1342
3220	697
671	3338
1898	1539
1716	2072
1567	973
4628	2336
4224	3595
1093	2202
3196	2740
3151	3618
4041	4364
2000	5173
3192	1872
5193	4366
4234	637
3392	1619
1876	4167
1406	4602
3537	3129
448	1177
4622	4318
1300	4690
1840	2222
568	5142
4733	291
3845	2148
3202	3638
911	1660
2025	1891
528	4196
5153	2966
4064	4170
617	1993
5049	3705
2351	2998
593	2743
2815	3898
3585	3383
1523	1615
934	873
1478	3150
3049	1817
5132	1143
4766	439
2833	3502
5079	463
1400	632
5161	2115
1318	2430
5111	1254
3371	4537
1055	2426
4888	720
4008	1113
5049	4833
563	2853
315	3711
1181	2097
2659	2223
2368	4810
2560	1442
4491	2101
3991	1813
2766	390
1558	4007
2609	4358
2220	4651
2991	4914
4233	570
4728	1970
1765	1959
2855	3800
1320	2640
3656	3154
308	4079
4781	952
4031	4205
2356	3350
1675	4233
721	2216
3476	1167
1330	3643
1897	1597
2212	4270
2485	1618
1980	564
387	4909
4373	4330
3529	1484
2214	1321
2943	1037
2810	293
3075	3856
5069	1327
4269	4346
2823	3274
814	666
3866	1503
2025	1954
4775	4692
1842	898
2273	2957
4370	4077
3659	3687
871	774
3783	1895
376	5147
4777	4144
1877	1114
3622	4979
4510	3782
4362	2586
1680	4728
4361	3432
3495	1911
392	1542
5085	3895
419	351
4656	3683
3368	2312
3542	1916
2433	1026
4201	4669
4829	3216
3097	3066
4107	679
4207	1494
3076	5104
1104	1707
2565	3570
3777	2170
319	2935
3861	1720
3505	2010
295	3809
2453	2913
4593	3611
1798	1648
3413	4389
1210	568
3057	1639
909	1383
4480	1737
2136	4419
1888	4949
4465	1414
3850	5103
470	1281
697	3596
2227	3145
3650	2368
1250	1627
659	5098
2545	3271
4002	2018
493	645
510	4146
4486	1836
756	1766
2068	5067
3187	4847
3565	1357
2912	4596
4376	2604
4573	2664
4796	2139
4223	3076
4691	3826
2728	5187
4618	3315
3099	4941
2350	1817
3622	3211
1631	4483
3302	4469
4239	2513
3644	4653
4617	4868
2604	3447
4099	4743
2707	3233
1881	3374
1703	5153
2366	5000
4914	1278
2858	1010
3989	1146
3349	3638
5144	2833
4999	2450
1587	1418
2861	2384
5065	3256
3069	3915
3139	4614
4762	1383
2614	2456
4137	3265
4868	1150
2572	680
2056	1442
2440	718
387	3094
2619	3158
3350	1989
534	4097
4231	2512
4359	2849
586	1006
4147	3390
4138	1591
1508	4036
1596	689
2012	3457
1762	2145
2208	3205
3067	4617
341	4440
2289	3424
3004	3920
2164	846
394	2412
3391	3433
5113	2996
282	3841
1394	1087
1131	2928
3488	1102
2160	1832
455	4761
2921	1561
601	4188
4733	690
999	388
3848	1442
2446	2560
4932	2001
1094	877
1855	4801
734	4108
245	2020
454	610
3012	1634
2352	4634
2430	1353
336	1364
4640	4875
3327	442
3368	1281
1870	381
1247	1965
796	2242
4746	3317
4238	1198
2621	1920
4243	2986
2690	3949
2068	1133
2902	964
1514	3634
3251	340
1951	3618
2728	3846
3575	2421
1885	2045
2561	361
1095	4633
2951	2172
4836	1039
1478	5021
287	2289
3555	516
3824	4874
1064	3825
2120	1599
4693	3326
4110	1588
1390	1210
2466	319
2596	403
4021	554
4102	4109
3178	4359
377	2224
5221	2733
1784	3927
772	2501
4652	1035
4441	451
3316	262
267	4456
2414	1384
4020	3966
2321	2520
1678	838
3622	2973
3854	2518
2996	525
4466	2240
2244	2555
3306	2362
1333	1468
810	1010
2264	3259
5166	4654
1129	1004
3288	4808
621	1674
3671	1755
2282	3479
3451	4168
4159	918
2104	4127
467	3922
3728	397
4468	4876
3378	3034
1958	3460
1544	3297
5106	5115
4869	1381
4089	1556
757	4172
756	1096
1321	1530
1803	2773
1894	3832
3322	927
4938	3329
3846	3098
2576	3288
2633	4799
4740	3397
2700	3064
2447	4383
307	1560
1925	2411
1877	2115
1661	2818
501	1385
1042	1601
2576	2681
1117	4016
1362	2244
2465	3496
2501	901
1806	1490
1862	4389
3753	2676
4617	462
1806	1599
2730	2089
2787	2251
881	3865
1574	436
824	789
345	4997
1307	2321
2718	4568
5051	1581
2395	1872
2904	2873
4496	5203
379	1801
672	2686
1081	3973
2569	1964
2703	2522
1274	2381
4901	332
3319	5100
4447	685
2756	4660
4306	2266
1417	3380
3048	3011
3764	4893
704	3192
1024	739
4349	4306
3545	627
2002	999
1006	4413
472	5173
1757	889
3762	4227
3041	4815
3049	2407
1812	1246
319	4789
2064	5184
958	3430
2676	4480
3622	2340
3631	3357
3313	2136
2721	2394
726	4244
4552	4042
1624	3815
4652	2930
585	2538
4445	3004
483	360
2301	469
1326	1787
2972	1444
1728	2820
5122	1016
4120	1358
1565	5135
3537	4677
4546	2173
438	4147
1118	3703
2764	2067
4330	2363
807	3280
1751	3734
2986	1182
2838	1538
2685	4333
1858	1339
3737	1282
4349	1724
592	2207
3452	4306
2458	1706
3649	1028
4540	5117
632	3397
938	2516
1750	1133
5056	2513
4524	1520
3203	4223
5186	1696
4803	1387
3232	5063
4016	851
4204	2470
5032	4309
770	1355
4090	2700
1396	2872
2681	3822
4435	2842
947	3729
4330	3121
4354	1475
4770	3855
1323	2114
3293	2426
869	3658
2393	290
1093	4867
4515	3266
2703	1325
1173	273
2335	4304
1108	4936
2475	2414
2081	3668
1249	1928
2413	1897
1603	304
2518	2957
782	894
2308	520
4585	816
762	4035
5169	2037
3774	602
3905	5100
2456	3232
478	3630
2942	2292
1803	4867
3086	3381
821	1281
1626	2188
1455	973
1827	2040
2925	1048
368	2666
1037	3404
5107	5155
3123	3200
3728	946
2357	3663
650	4027
4544	1087
3404	3441
3373	3840
449	5142
1660	5019
2892	970
3445	3159
777	5086
4400	1716
1572	1178
2029	1970
4835	2273
3600	1703
4253	225
3735	2030
4629	719
4407	1394
1701	2220
3497	2593
2892	4054
1317	3181
567	365
4942	2961
4845	405
3993	1620
3389	665
1066	3899
2073	3378
1149	3634
4852	4560
3661	3808
1699	1586
4663	2552
1989	4288
1492	3301
3781	1178
1876	4325
895	3177
1532	473
4913	4875
5109	2919
423	1979
3200	3012
3678	380
4899	810
3303	3660
1066	1581
2306	664
4495	3220
3200	1920
355	2326
2713	1926
509	310
243	3247
3119	4629
3895	4427
3463	2141
5070	1149
291	3978
252	250
2557	1104
367	1475
864	4093
3137	1060
829	1215
2267	652
3553	4878
3479	3611
4501	658
1548	1851
2016	3054
3839	4450
964	1491
3099	4667
656	2178
2063	3795
4660	2589
1607	4639
875	2527
4019	4490
4204	1970
3004	1062
549	1304
4267	1695
4148	3207
855	4366
880	4444
725	1719
2299	3197
1791	3712
540	3789
3007	4518
405	3158
4224	2893
1006	3795
1416	1176
4613	2070
2025	993
4875	1545
3051	4943
479	271
1731	2262
902	4869
3487	854
1927	2782
1121	1488
4117	540
1796	1905
3330	1747
4413	3724
5094	1047
1058	3439
587	2386
785	3364
2178	467
2415	4568
4376	1179
979	3994
3488	2374
511	2929
3486	499
2504	2867
4487	3380
4564	415
727	2584
4008	2173
872	5162
4974	4272
433	3279
2838	4297
5126	4844
4221	2972
4456	1381
2239	3013
2715	2177
1459	496
2647	4198
2797	621
1450	4797
2557	2631
2633	4049
3165	1958
3697	2490
1369	2277
2332	3557
1641	888
4626	5051
388	1430
1869	1004
5175	1901
1072	4063
2181	3834
277	3899
1629	3312
2413	4549
4704	2242
1661	3511
646	3335
2529	836
4830	3768
4793	1912
478	377
1841	1403
3962	3769
1505	3111
1108	2365
3705	540
5066	2632
2504	948
2777	2825
3358	2655
2876	351
3380	4902
1067	5083
1895	3181
1553	1237
907	4948
4962	3779
1980	2635
411	3898
1526	3719
1386	4531
4362	2236
3622	1988
2496	3524
413	4484
1027	4961
345	3430
618	3336
1145	4611
515	2012
1358	4477
1124	3209
1810	494
2773	2215
1467	2920
3474	710
992	3299
2271	763
2911	3855
3317	4944
877	2174
4991	1538
1429	1088
2064	1381
3764	2076
3357	1642
2044	2175
2352	1680
1099	4308
919	391
495	3648
2320	5028
559	1032
3930	4257
3506	3757
4200	4427
1274	552
490	3206
2727	2232
1080	2611
1075	2178
848	2198
4870	4715
4160	2412
5056	1197
460	1959
2244	1839
3510	1914
657	3509
4747	4378
4090	4196
2634	1692
4429	4146
773	4291
1853	3305
758	779
1626	3269
1674	1143
1672	4553
1811	4234
2526	2899
1704	3120
5010	382
3876	1399
1604	2559
3211	2996
696	4090
3184	1292
3616	2005
378	1388
3499	2940
3827	666
5036	2047
1528	3412
2572	3883
458	4947
649	3284
3623	1918
4092	1391
4896	1600
5089	1703
4238	4085
1107	4691
3391	3849
4631	4945
725	5050
2519	1914
3265	1735
5158	3376
3498	1176
1583	3957
2428	2549
4487	932
1605	3411
4088	4893
2159	1100
1395	4364
1599	3513
4826	4731
3105	1651
1980	1917
5157	2089
1796	2729
4303	3816
4109	5075
2628	377
4733	1231
4901	3397
2910	3962
1380	2009
1061	4841
867	822
4015	4972
1033	318
3188	2220
972	968
2546	5018
2513	541
422	2965
1985	554
3452	405
3092	3471
1426	2879
4012	423
1556	2274
3455	3873
4632	4252
1099	3848
3863	1344
4737	4767
5149	2936
3506	2432
3839	4779
470	4302
5074	1177
3305	2941
1490	3827
3729	1696
1609	4304
4545	4391
1523	4450
2169	809
1936	1173
2459	3467
487	4047
688	2639
1882	3247
2094	2242
875	3690
1634	4419
5028	3538
3657	277
2354	1253
4521	3619
1052	294
3014	406
1924	2881
349	3022
2570	2467
4523	2685
3369	4472
1193	1954
341	693
2345	
4354	
638	
412	
372	
4898	
3522	
626	
2526	
1697	
3319	
3113	
529	
849	
4158
3678
2554
350
1451
1568
1629
4273
863
1840
2060
2672
4471
462
4592
4585
4781
3575
2917
4304
1809
980
2158
4436
2357
1236
3986
4986
3363
4470
4264
4291
927
1182
1102
2721
265
3242
1090
365
589
4635
795
2753
3957
243
4438
3798
797
706
4333
4442
4917
4209
4554
4597
4250
5075
3158
4613
1590
370
2368
1595
4615
610
1891
3094
4899
3540
3345
3103
1537
1842
330
3717
2558
2328
1051
2641
4620
4116
347
4555
2887
3757
956
3044
852
2758
4999
2396
1645
4509
3478
2629
1047
1225
3194
3465
3638
3748
2169
5098
1446
2981
4129
2894
1754
2835
3700
3143
4184
3838
1146
4842
312
416
2702
2740
465
3292
3283
688
491
1126
3319
2356
2239
2124
4280
1059
2500
2531
1652
1948
1127
4473
3304
4207
4931
4213
4991
756
3320
1800
2811
2175
1645
937
242
312
2423
5152
5189
4985
2905
4311
1867
2795
4205
1417
1576
3346
2130
2126
4288
2516
4855
4980
739
3569
2856
4005
1086
4709
3845
2569
2423
1643
3488
1792
2414
2651
4891
3868
2198
253
1524
1126
3844
502
3821
2322
3932
4708
774
3515
1960
898
4148
3162
692
3858
2186
1596
3509
5207
3842
1000
2074
1319
4067
2415
1993
2209
2632
3747
994
1725
351
1409
3983
432
3752
1459
751
3014
2031
2185
2944
1540
4365
604
1929
5106
3674
1683
4331
3104
2806
4129
2004
5170
3570
2747
713
912
3402
4798
961
808
3513
1881
1286
1609
2645
3965
2194
3430
4884
4400
5026
1798
2583
4134
1296
509
4802
750
3989
1182
4701
2105
681
3358
2565
412
2420
2995
1964
4159
5201
903
2792
4719
1748
1313
4790
2586
3940
986
1870
3805
3614
3444
3649
4132
2755
1747
1765
4874
884
2487
1609
4457
1944
954
1715
2592
3151
3820
2352
1048
2928
2779
1602
235
2731
2404
694
3469
4268
2120
3249
4861
3074
4979
3374
3685
3826
3714
4812
1041
2445
3055
2933
3704
1710
3472
1946
2747
1172
621
1460
1845
3026
4976
3252
781
4517
1296
3506
3178
3244
5052
4973
4787
4669
4345
2733
1090
4919
715
2031
1315
1953
890
3366
3760
710
475
4783
2755
983
4711
746
2681
1766
1964
1674
780
3904
1758
3817
2959
261
4211
1649
425
2020
3980
1256
785
846
5133
399
1577
849
630
3246
1816
2549
4581
4171
5041
3994
2551
1372
280
4474
3571
3784
3169
2337
1940
2559
1358
1630
4482
3415
3667
3700
4529
3791
2908
1695
1142
4050
1573
5173
2866
2180
642
4753
3437
250
2916
2348
3212
3859
1590
3384
2039
3214
1519
4146
1812
3810
1842
4883
1105
4853
1642
3624
2812
377
3785
2375
2563
1361
1252
2671
2287
4753
959
1920
4621
4292
1974
2437
522
791
3770
2876
4713
3690
4359
4626
2651
3472
235
4326
3206
309
4361
3308
821
338
248
4165
3987
1261
4937
4372
1791
881
3245
5140
687
1459
3550
4796
4730
4380
317
3551
1629
459
1465
2435
1782
3644
604
1215
3714
1353
3396
1933
4838
4969
933
4991
2455
2220
4071
2701
2290
2940
1356
4127
4854
714
739
316
1249
1241
2051
3993
4601
1131
4792
252
4172
4244
2787
3437
1480
3208
2977
3576
1223
3540
995
4701
3138
1583
250
4104
2355
3095
3173
4059
5019
660
4966
863
4163
2777
497
4438
4862
4608
4545
2392
4996
2105
2560
2943
613
3307
2915
5140
859
1170
5113
5128
348
1552
3318
620
2437
5004
1576
4655
3882
377
4761
1393
4251
775
4522
1642
4094
1275
1157
3909
872
3577
4848
4291
584
2870
3328
2339
3808
2734
4150
4505
857
829
805
883
3759
2761
3627
1394
1394
4727
4322
4888
1827
5011
4298
4144
3991
2509
1399
3793
4888
2296
4940
1505
3898
2301
402
5061
3543
3206
1212
1525
1082
3201
3312
544
5136
2524
230
2221
4743
748
4999
2503
4508
2727
4263
1617
1524
4609
1451
3524
2515
4574
411
2895
3147
3902
2018
341
531
2454
865
4024
3719
964
954
2368
669
4448
5207
3969
3402
1013
1663
2940
3137
3092
2594
1552
4301
445
2136
4083
4044
1689
3563
617
3824
2221
1215
2116
5184
3104
3342
2521
3978
3986
5029
3759
4167
1755
3105
3909
3319
3402
4823
1822
4321
2449
2201
3031
4954
4487
909
3627
804
4365
4710
835
3527
1204
4452
3794
319
1530
1347
1897
4169
4666
1208
3777
3089
758
1862
3256
1316
2214
4669
2780
3265
2939
766
4599
4442
5154
3629
263
2179
1845
2125
2081
4274
1451
1304
1827
2986
1588
245
5143
4275
253
3838
1460
347
3445
2588
491
2719
4325
3927
1175
1478
415
585
2661
2597
2298
3595
2744
1576
4942
2019
2609
3512
1072
3023
2615
3351
4876
3852
3892
2976
4273
5155
4771
1359
4372
3808
5043
4810
4338
4564
984
865
4491
2708
567
3703
1854
3629
765
3589
752
1766
501
3757
2984
3644
1104
2874
1791
3238
2640
3996
3360
4227
341
3503
4578
2797
1626
2289
3367
2748
3404
2297
1706
4077
730
2006
639
731
436
3856
780
1962
4171
1857
3051
3288
2376
4259
5052
2023
1054
504
1766
1881
2082
1686
3445
3128
492
1770
3238
3222
726
4135
1401
1446
555
4518
3640
2475
3478
4048
596
2202
3687
1013
4495
3481
3846
4855
4171
4603
3553
1511
1296
3516
1628
2819
5202
4552
3158
1904
5092
2223
539
2032
2523
4404
4216
5134
3728
4295
547
4381
960
1126
3461
1175
4468
854
3085
2203
1117
689
4884
3252
2403
843
2509
2484
4375
1376
3467
4411
2344
2135
4639
1003
1087
1437
3541
4644
455
4930
571
3490
739
3041
4476
2484
3494
1743
1749
1998
2211
1636
530
3034
252
4746
5126
1981
1588
5156
261
2242
2016
1531
638
2761
4684
3129
1731
2725
5048
2719
1450
843
2013
4308
1155
4597
1212
3348
2584
3173
3625
323
387
238
2809
3806
1013
4237
4511
2713
5133
4956
3683
723
3737
1578
5073
2780
491
325
3627
2070
335
3629
282
426
1568
3103
1244
3481
2684
3957
2026
3514
368
4587
1034
2599
4797
452
1276
1678
2588
1604
1735
1141
4439
4431
4341
1205
2553
4384
3659
4697
3108
3581
3266
1252
5143
1830
3440
3512
2042
2692
3679
659
1141
1471
5056
3794
5200
1867
3119
3993
1825
4635
4920
1650
3703
2086
1579
5193
3356
3547
906
4693
406
3620
4557
1866
2311
3047
3992
3365
2461
2462
237
2455
346
2417
1254
3599
4843
1242
2317
2332
5076
3037
3336
1154
1423
2606
882
5149
258
4361
2058
304
574
751
1126
4987
2118
3555
4970
5153
2809
4901
2468
286
1695
3448
2649
4347
938
4010
4432
5138
3455
223
1483
3436
2801
4061
3423
3311
3375
1915
4279
1876
2204
4439
233
3797
4692
1319
1425
3342
307
5177
4761
2401
2340
2556
496
4176
364
4947
321
4688
1630
1881
397
1842
5098
4036
3948
1957
4919
531
3627
2572
3112
4345
3362
284
1018
2532
3806
3262
3259
349
1266
1601
2227
736
800
1864
4143
3408
4397
3115
3770
2633
761
748
794
1132
2780
2895
5001
4287
529
2143
2379
3303
1958
2252
499
3585
3340
2977
577
2471
4815
3421
2815
3705
4122
2918
1959
2120
2803
3037
2843
5104
