250
55 16749 20824
242 26773 587
235 12117 16783
105 4462 4985
29 9140 25267
28 12230 17210
225 18605 17197
36 10717 2260
37 29399 21717
118 21661 16638
178 5095 10083
287 20561 2114
58 784 15859
273 15647 11394
126 1876 14448
100 18176 13407
130 9286 23232
240 2144 4370
307 2735 1963
156 8889 80
147 8307 29085
300 4010 29989
198 20248 8612
264 26001 1214
66 15473 8291
84 15451 14268
174 17400 4564
274 11583 4392
237 28284 9277
21 24327 3348
260 27080 9592
133 8489 28785
196 29270 761
221 23451 24274
207 29365 3244
163 13585 24747
187 11330 12278
266 15567 12847
110 12561 17435
52 9078 9443
164 27551 2237
141 9853 13227
294 11854 22328
131 11381 13912
151 5657 14258
222 10928 7622
24 21713 11150
201 28068 28367
243 1244 2360
117 5555 11837
68 4174 29048
121 1537 27811
122 3959 5169
59 17473 6490
54 10389 24791
86 12627 26726
296 4488 8936
252 8221 8280
176 7306 18114
108 3124 21365
23 22744 8080
203 3091 23026
41 25986 12595
90 5254 3122
291 14690 24601
239 15159 13647
17 10597 17325
128 7730 8518
112 19211 17305
78 13339 12535
31 3495 24887
270 13626 26969
124 26023 7658
11 23861 23669
247 28824 7360
212 12990 6347
60 15557 489
259 886 8183
166 7877 751
127 11792 2914
217 12968 17371
297 25872 23929
267 3591 9516
195 25793 780
106 8530 12691
69 6042 1034
155 8668 6781
75 20126 28132
171 12110 4801
255 13799 23354
35 7124 11458
77 13283 13790
261 9292 6684
148 6689 26486
50 19006 23484
281 258 786
138 8193 6058
272 1929 28053
62 26195 11915
39 3955 26065
20 20916 29619
96 1233 13480
103 14607 15154
228 3444 13655
67 28526 5490
45 16424 3635
25 9454 25243
140 8849 3845
227 14430 18963
48 7239 18633
223 9402 10296
53 19418 17674
277 9766 14259
236 7566 10350
22 7504 313
57 14967 26303
107 9981 23355
162 8591 20258
116 8901 11276
257 24498 3748
91 1964 27483
265 21686 17687
177 10685 15106
123 10699 17706
216 8757 8338
88 22413 19266
115 15924 10101
210 849 29705
182 25697 6996
137 23590 15895
173 7518 11412
256 19240 26459
34 29226 22093
169 17929 27856
219 29012 21283
229 19822 21602
47 6539 8927
120 5018 22302
79 6086 6416
74 12305 18324
109 29045 369
152 23733 16255
113 26591 1194
189 1749 12549
145 12786 20475
232 9741 15395
185 8080 12956
149 26192 25671
98 17000 4286
93 22769 8373
280 23366 18185
286 14513 27696
208 20796 6202
146 23630 16526
193 4412 15106
233 15021 17336
209 13375 16127
213 12681 20961
226 4321 8884
14 24502 19834
87 26263 4889
125 9670 7736
80 1625 8066
179 28797 12676
202 22614 18550
135 11332 21122
65 18085 6352
114 9519 3530
143 25056 19951
13 27226 11260
44 16926 284
33 20427 18260
63 10562 11851
194 21900 12586
101 13924 28784
142 28753 5557
254 29440 4694
70 23209 21246
165 28713 28308
102 21422 24330
250 3955 14047
26 15786 20201
303 23886 15493
214 13661 8702
76 23161 1791
104 2660 15200
218 1632 27244
83 3384 1336
71 23021 27705
85 15650 6767
160 8235 8423
119 24354 4370
288 7192 2932
72 25875 8711
46 11818 5613
200 27321 1810
89 27581 1163
95 8526 29728
49 17228 3362
180 13224 29674
183 22924 10005
144 15874 4700
238 3909 12570
258 1360 13374
157 23181 19392
289 23301 16442
246 28797 1961
73 9010 18753
153 14720 14736
168 25199 8289
181 6843 23620
172 25634 27299
230 4596 11531
191 18858 4930
285 7444 17598
27 8418 27426
99 19130 11522
150 351 17431
192 26407 2015
15 9261 13382
184 13262 7097
263 27138 3410
132 26024 14158
241 21995 26462
205 18732 28326
134 18994 14697
42 18283 14636
290 1473 11078
251 12150 23752
158 13354 4955
38 6588 11503
56 22502 25211
220 29789 29612
51 8788 26633
97 29951 9564
279 1403 17137
293 8607 17232
136 13548 11115
18 23549 15366
245 28292 7586
282 17244 10854
197 21441 4528
161 11057 26143
278 8256 3001
284 8934 12827
276 22259 980
12 6954 1683
40 12454 11623
81 23626 20506
215 2555 7051
