136	27	180
28	154	66
190	60	24
20	153	163
58	150	36
130	48	51
113	76	165
56	129	119
183	67	181
124	41	50
190	146	45
198	80	132
120	179	174
71	80	79
174	62	103
124	67	86
54	92	139
153	63	185
59	76	126
60	92	62
57	56	24
48	141	122
140	122	21
193	46	134
137	23	139
167	62	139
180	109	32
38	63	81
113	143	28
158	112	150
72	180	165
67	55	21
185	45	177
143	69	61
82	184	110
62	108	142
167	183	132
105	86	28
87	74	51
75	30	45
127	52	47
77	68	20
175	82	41
24	82	45
63	177	36
101	148	188
91	81	29
65	93	141
47	128	111
43	56	88
139	131	138
21	104	151
136	60	200
136	174	66
37	198	29
121	168	40
82	160	32
105	24	136
200	160	162
164	45	142
81	82	178
69	40	191
80	81	179
149	39	75
86	100	87
20	71	129
24	112	190
36	90	95
188	178	31
156	173	48
164	123	170
180	116	77
165	188	170
98	53	108
97	138	62
70	109	198
152	87	49
127	73	103
49	163	195
74	139	128
164	195	82
102	78	166
197	99	136
90	107	104
86	61	49
69	55	50
186	180	150
164	22	163
191	21	123
93	179	68
182	93	140
145	141	110
101	35	129
103	74	170
131	65	153
172	112	86
51	107	153
68	65	161
74	187	27
112	23	109
32	50	84
200	190	120
24	136	178
195	105	21
40	57	153
120	27	122
90	56	92
156	57	108
43	133	52
33	66	87
172	47	26
127	49	37
48	163	54
50	55	30
121	64	163
20	96	27
93	49	178
29	21	95
191	27	112
159	80	31
113	160	167
130	72	101
187	177	34
187	121	80
173	102	21
115	57	22
78	104	176
198	154	185
137	25	108
42	142	118
196	114	84
183	53	57
36	26	98
51	172	130
180	176	94
173	193	52
48	108	180
57	130	164
145	148	41
85	87	86
65	143	121
36	152	57
174	120	195
135	93	123
48	137	48
40	158	41
174	164	118
187	40	152
155	155	69
138	189	136
46	158	94
122	97	33
64	77	188
48	171	183
68	21	142
50	39	57
134	185	193
105	39	37
130	68	29
132	76	31
139	149	159
164	27	149
148	139	26
149	175	200
89	134	147
188	189	69
73	164	167
163	128	75
58	153	176
61	80	186
98	143	54
55	169	159
70	140	160
35	43	175
75	150	138
99	75	174
106	167	63
160	142	55
194	26	72
123	86	66
20	74	127
122	129	151
168	169	131
185	55	126
60	126	165
104	127	174
169	128	117
111	71	136
141	99	107
115	42	47
23	95	59
136	93	136
173	46	37
121	141	151
41	196	34
28	159	39
188	65	151
56	119	164
23	90	90
90	87	110
31	51	98
70	38	162
159	156	44
196	172	129
127	74	125
196	96	197
162	93	176
89	154	64
157	115	80
67	173	21
31	41	91
114	85	153
92	35	38
54	62	174
138	89	155
127	23	124
96	95	199
68	174	146
55	68	195
185	147	43
170	83	189
198	23	31
116	31	26
189	89	150
150	66	103
62	72	122
164	87	85
196	89	199
157	186	124
26	196	22
147	20	183
140	169	172
70	87	92
138	113	119
104	139	154
102	115	109
64	165	159
164	151	199
144	184	147
88	128	157
162	126	112
24	135	46
132	95	76
62	54	98
76	70	114
32	124	155
174	24	166
192	164	113
49	154	187
134	55	71
145	59	99
188	168	76
46	183	57
52	60	42
44	161	40
109	79	77
37	129	122
110	67	116
101	148	105
180	156	45
121	50	21
31	44	145
96	94	83
77	190	133
113	112	77
59	153	149
121	163	124
184	197	29
92	49	191
138	196	95
143	65	90
47	42	58
183	168	129
103	190	134
65	114	171
147	50	102
53	180	37
30	38	20
53	112	164
124	43	59
104	115	33
48	173	87
55	71	37
108	87	186
27	67	159
148	109	143
64	44	60
132	44	25
168	80	33
183	130	81
159	86	63
96	192	181
183	174	156
107	124	110
185	127	74
113	125	82
193	148	129
26	51	176
117	107	181
155	32	150
73	42	132
137	140	70
76	63	78
169	143	199
114	75	30
108	181	27
32	79	44
131	194	151
21	197	76
69	186	158
51	32	86
74	100	20
32	21	125
189	164	81
56	169	198
140	75	33
41	65	159
136	111	112
146	37	177
120	107	87
48	157	129
185	90	74
109	188	127
74	49	115
85	26	142
115	126	113
94	85	139
177	181	105
156	47	26
73	191	36
198	59	165
173	82	138
34	34	189
159	111	197
36	34	27
37	184	113
168	32	63
98	86	73
111	25	52
48	30	61
109	136	105
63	29	95
61	131	198
63	44	64
131	111	132
174	147	92
172	43	124
174	184	66
129	96	159
150	165	159
168	75	195
156	192	129
24	43	157
28	193	50
130	77	86
36	118	160
67	165	118
164	196	23
87	112	149
112	104	133
166	49	191
79	146	168
97	27	116
185	92	111
46	162	43
99	117	194
141	147	68
83	22	42
38	126	182
172	139	163
190	140	81
130	168	71
70	109	127
176	70	174
81	150	31
33	75	64
161	162	38
117	92	144
64	107	78
72	70	163
79	168	23
93	139	195
114	99	135
109	52	60
49	153	161
120	185	169
103	151	49
115	82	72
168	25	30
31	55	149
127	35	50
134	99	164
186	200	119
52	87	65
196	106	99
159	173	71
152	60	159
115	198	100
143	27	49
25	120	22
55	105	170
138	82	154
77	32	143
120	52	171
28	198	183
33	41	172
102	94	163
113	51	134
69	95	68
183	153	73
181	44	75
154	36	20
36	150	181
188	27	112
36	135	96
52	89	57
121	75	168
182	156	58
184	144	140
183	199	34
137	98	97
51	53	145
70	165	198
169	135	34
151	194	72
188	104	156
45	150	84
142	56	40
61	122	155
36	76	182
197	99	119
168	62	116
78	86	42
173	110	79
164	25	113
145	106	159
176	78	139
87	114	152
200	43	108
110	168	187
186	195	94
116	131	46
194	51	108
113	29	30
124	38	81
69	110	180
99	146	181
111	115	63
86	178	54
172	25	54
21	132	197
123	120	48
115	91	158
189	49	159
117	184	92
146	79	81
56	71	78
135	37	79
131	116	92
169	40	144
195	87	117
110	73	82
186	197	82
193	163	120
29	93	103
165	25	197
108	122	109
168	126	110
127	113	101
155	37	76
105	199	70
83	107	162
167	28	62
105	116	143
122	68	132
63	80	65
44	99	193
64	174	101
73	195	88
32	168	110
107	102	188
175	41	57
86	146	143
21	161	186
169	98	108
110	111	96
55	64	56
30	29	46
125	58	51
83	162	168
155	21	36
191	145	40
153	138	174
61	180	127
49	136	127
122	123	142
78	82	24
50	49	88
97	168	112
92	71	183
131	150	45
73	107	69
158	109	172
89	30	169
182	99	176
145	169	20
147	110	146
81	24	175
191	168	60
67	114	185
187	188	91
121	150	28
30	115	87
193	71	57
36	101	175
97	192	85
157	156	184
97	124	144
186	172	97
85	158	145
154	120	101
163	186	85
124	182	77
128	181	66
22	123	60
188	107	89
103	44	51
23	72	161
135	94	101
74	73	148
185	70	94
129	84	108
28	83	62
23	162	89
57	131	75
99	138	131
75	187	133
98	199	153
91	168	24
196	39	102
104	187	44
61	85	94
115	147	170
83	130	153
34	78	135
105	189	56
138	160	196
121	38	134
159	69	132
154	136	173
86	102	135
20	158	63
102	150	175
148	35	129
146	110	70
153	172	54
119	161	155
98	41	70
82	31	176
146	52	22
21	187	106
173	104	105
48	34	80
101	121	110
69	199	31
178	191	39
115	156	82
153	53	198
44	20	96
146	65	36
98	107	149
177	132	98
37	192	193
169	83	122
84	63	183
120	65	71
189	196	102
192	54	49
56	92	188
148	100	147
67	110	34
135	185	67
140	127	96
126	78	41
174	131	51
52	155	57
93	142	43
102	114	190
85	107	109
168	155	123
106	87	59
51	194	180
57	27	136
184	175	88
101	133	79
129	92	43
73	197	63
45	84	158
123	197	99
29	134	56
104	21	113
57	113	99
105	187	36
126	177	25
190	93	141
166	132	119
151	39	23
139	42	20
34	178	182
21	60	176
162	134	36
99	48	157
164	135	48
72	66	85
80	142	113
131	100	31
138	89	112
126	196	133
157	132	149
186	42	59
102	167	50
103	47	91
112	168	65
190	166	156
159	165	135
121	99	182
115	59	188
144	121	184
143	96	174
163	90	184
35	154	27
127	71	177
170	171	169
71	35	139
154	159	80
153	186	69
191	143	185
73	198	110
70	142	171
80	79	90
53	83	193
43	171	140
57	149	106
40	127	192
39	70	71
152	170	87
112	59	179
189	194	129
69	104	197
179	111	69
153	112	46
71	168	120
133	87	183
90	140	77
72	90	114
35	178	125
165	87	98
118	92	20
182	47	151
20	96	91
79	81	25
40	162	196
149	40	128
128	99	68
145	164	25
42	98	64
182	25	128
196	187	68
64	136	73
135	162	187
91	153	71
191	178	77
96	47	60
85	110	48
87	45	122
116	97	162
123	168	160
73	34	199
185	185	20
138	22	142
118	131	67
81	188	102
107	54	84
174	130	58
196	62	149
85	59	29
78	21	115
199	65	152
187	137	63
166	159	113
123	115	48
35	40	82
194	40	100
123	198	180
70	125	57
75	83	187
91	53	135
174	73	152
177	186	30
98	172	97
74	33	72
96	185	83
80	59	35
49	141	91
103	127	119
118	121	112
120	72	89
58	52	171
63	183	85
141	98	166
112	47	136
64	40	72
103	72	109
23	132	158
122	165	106
119	68	197
117	115	198
65	179	43
46	40	58
48	73	150
87	89	153
108	196	22
114	150	113
25	107	197
59	182	169
68	120	186
54	156	181
45	200	63
170	65	28
87	148	172
165	172	144
143	98	65
170	132	121
85	80	28
21	71	157
100	130	157
157	56	143
62	72	200
98	135	32
189	70	172
109	185	185
80	74	35
131	78	113
68	161	110
52	132	88
83	152	172
168	89	112
51	73	92
142	180	73
124	153	77
86	136	120
113	112	107
170	162	195
113	164	55
71	112	60
133	87	150
67	173	20
143	115	26
144	176	175
23	129	44
132	48	53
87	38	103
25	73	160
93	20	87
20	170	77
149	50	101
188	93	109
44	34	77
66	131	79
71	72	83
33	165	119
196	156	161
168	178	49
174	75	27
51	159	141
173	152	38
135	126	98
168	174	74
119	60	177
44	163	23
135	158	68
38	182	113
80	177	167
119	61	187
137	172	92
105	33	170
119	22	29
183	23	151
172	169	31
36	135	21
73	46	138
121	87	56
164	37	28
118	69	135
157	114	159
153	61	92
179	193	131
24	29	199
129	176	171
81	118	167
63	80	35
149	92	112
137	122	26
124	94	55
36	66	162
73	53	191
186	134	109
155	25	23
144	145	36
165	144	113
168	187	100
84	133	128
87	61	110
168	59	135
99	166	97
157	134	98
184	101	46
29	70	106
103	110	142
135	51	31
96	38	166
166	57	63
70	61	105
25	81	23
47	197	193
196	119	25
181	84	123
146	140	38
55	21	55
53	193	197
50	133	31
26	188	104
182	187	98
96	99	31
60	28	66
122	160	35
48	131	102
38	142	199
150	100	145
60	129	23
117	65	131
59	107	187
100	42	169
151	73	195
47	24	191
147	79	150
71	91	99
20	32	94
178	35	110
30	186	51
59	152	163
69	156	153
192	68	86
102	78	87
163	51	54
116	22	200
199	96	23
63	123	105
126	44	48
80	152	110
82	74	21
177	76	104
140	185	139
159	50	120
60	143	80
171	182	45
47	24	123
196	176	95
88	86	165
198	63	68
71	174	27
194	26	81
122	46	171
99	130	120
49	96	34
46	199	104
119	63	142
47	84	98
174	22	132
131	130	145
107	25	157
79	110	181
36	28	148
136	116	114
62	25	181
131	101	156
80	127	53
32	94	93
158	113	115
124	69	169
170	180	62
47	197	32
104	184	36
61	38	147
153	88	167
98	142	49
157	53	41
68	48	141
200	138	96
82	38	63
152	156	167
37	20	192
158	118	162
50	65	79
166	130	123
140	155	27
84	66	200
108	150	90
133	72	83
35	140	200
164	134	164
167	101	138
147	64	184
85	21	39
187	157	167
73	47	158
111	172	89
111	68	42
114	52	179
171	62	158
184	142	123
174	56	149
104	78	49
20	152	183
197	181	174
184	178	164
87	152	117
121	140	107
64	125	178
144	29	163
65	63	184
24	177	96
109	188	170
149	99	41
178	177	183
60	107	157
138	133	64
166	172	184
54	109	112
137	91	185
150	55	195
98	139	151
194	69	64
185	154	159
29	20	55
154	114	162
24	143	127
23	185	80
116	34	118
137	128	84
70	88	109
156	193	70
22	125	77
45	27	69
52	27	136
78	55	45
31	25	89
102	109	39
164	112	66
156	39	140
98	94	47
38	194	187
134	91	126
174	45	199
158	126	197
83	166	109
154	193	158
139	181	72
158	90	56
128	101	152
60	166	49
28	76	54
55	79	112
150	168	38
121	37	105
194	183	70
150	32	87
164	59	176
66	144	161
110	177	86
152	139	99
25	32	107
135	102	116
109	84	107
129	169	169
128	52	114
72	125	131
145	119	185
123	39	151
162	57	183
145	31	118
61	86	125
147	199	151
20	33	156
167	44	133
80	51	147
43	118	70
30	56	172
119	80	156
34	128	151
78	87	157
143	168	49
50	32	152
124	66	24
198	164	154
39	41	137
37	36	170
95	54	136
154	146	39
49	106	36
173	29	72
111	63	116
110	65	53
100	162	105
57	108	158
149	68	150
157	170	38
104	58	92
157	35	21
164	86	199
170	180	24
200	53	91
84	128	182
159	138	193
94	74	175
145	186	124
85	104	165
179	95	56
45	89	115
189	74	66
177	140	171
68	113	138
132	94	111
134	149	20
94	131	166
187	71	66
149	21	146
167	47	164
187	120	197
181	55	37
51	199	157
192	111	103
196	196	182
195	126	184
140	186	39
137	112	145
184	130	103
115	188	55
39	156	129
76	138	125
94	47	172
90	195	20
186	128	108
129	121	144
28	64	74
36	99	32
75	44	83
28	131	23
55	196	163
110	84	164
187	42	154
138	192	133
24	184	46
182	160	27
139	112	176
155	64	76
24	38	86
123	96	119
121	23	121
29	27	197
154	161	154
140	38	116
99	71	146
100	126	179
162	93	107
144	28	26
185	190	168
111	92	119
178	177	53
120	175	194
105	86	149
156	85	80
127	185	32
78	116	61
191	100	155
185	163	125
90	194	35
117	60	153
123	61	23
140	31	65
95	173	58
163	62	104
101	191	129
190	168	123
100	79	146
53	173	36
38	31	115
41	34	67
167	37	123
31	138	183
80	66	101
158	52	41
42	110	99
104	60	131
111	47	57
117	118	137
56	126	148
153	32	88
68	162	67
99	197	174
173	41	192
80	167	120
53	190	95
23	112	190
103	112	26
170	157	48
163	187	59
139	151	111
133	189	76
111	189	26
103	100	104
181	89	61
123	137	175
87	54	110
157	129	98
163	52	20
144	194	42
126	83	127
132	200	30
59	114	92
131	119	132
191	159	155
168	183	145
127	111	161
143	136	180
146	174	79
147	163	166
180	198	56
126	122	151
30	77	37
177	185	35
179	150	63
127	150	185
179	180	40
99	42	56
189	170	42
191	159	88
72	171	182
114	161	105
157	120	117
59	85	107
31	113	62
27	69	40
160	125	153
43	21	170
31	67	113
90	196	47
170	186	152
117	171	165
27	154	75
123	29	48
196	184	36
77	121	31
186	122	178
82	108	129
123	192	147
46	57	198
121	31	85
54	41	163
128	52	58
143	48	90
88	122	91
52	95	22
133	111	135
82	48	197
42	180	185
112	75	76
29	69	124
102	48	104
199	103	90
91	48	183
160	71	30
153	59	60
175	149	167
196	153	94
60	28	81
87	138	123
49	93	79
148	187	78
151	154	59
155	102	151
42	129	105
156	171	114
141	175	145
102	26	95
198	179	146
27	113	186
27	166	40
150	48	103
21	65	173
200	198	190
56	68	198
98	176	165
139	68	110
74	23	88
99	195	183
95	69	157
121	121	97
38	163	119
146	65	148
61	188	191
165	181	125
138	82	25
30	184	102
132	111	180
197	115	173
105	92	160
31	34	181
127	181	178
46	64	177
129	58	127
20	62	183
165	155	115
25	131	169
50	29	148
197	157	142
76	132	138
90	47	129
113	130	25
29	46	24
172	41	151
128	117	76
88	23	68
77	192	196
47	39	55
167	169	198
78	108	107
86	40	144
168	173	153
74	105	119
52	194	126
170	163	62
20	115	81
106	140	25
88	82	131
61	170	116
180	39	75
85	118	71
104	69	98
105	96	121
136	186	152
77	99	200
50	168	93
101	117	61
63	200	140
169	34	106
140	74	79
77	103	83
165	27	160
111	77	119
165	107	88
177	137	148
150	28	31
117	153	62
57	96	72
155	65	28
169	98	22
172	137	195
131	134	199
48	62	35
169	159	186
59	88	118
47	166	121
99	83	113
38	55	98
135	41	180
73	83	37
143	25	103
157	94	30
40	167	200
159	47	42
85	95	143
74	198	56
105	195	155
136	22	180
138	187	154
153	198	44
95	184	193
112	75	25
167	145	77
156	187	100
193	55	72
181	20	157
184	54	51
197	117	62
142	80	128
75	32	30
130	111	195
34	48	94
26	124	39
89	127	180
55	59	31
94	90	147
57	189	130
115	68	44
105	160	76
123	30	143
96	37	21
127	188	132
83	64	28
36	114	153
142	52	31
103	36	159
112	59	27
167	84	180
113	38	126
31	164	90
162	158	61
158	31	166
173	125	107
71	188	101
48	118	120
60	56	63
47	58	132
126	156	181
98	200	66
171	198	87
29	129	161
125	135	89
165	119	124
45	21	132
149	183	35
22	119	96
175	134	59
96	80	161
164	22	130
99	54	149
172	156	197
33	160	122
58	132	41
22	128	104
168	104	76
155	134	155
94	186	122
106	56	53
159	155	144
180	116	143
55	116	199
74	72	145
89	53	73
46	100	124
140	115	31
90	79	170
187	139	128
153	91	91
187	68	72
128	47	164
77	65	91
154	111	22
195	172	196
122	186	56
179	167	147
117	184	31
153	103	32
79	60	194
188	170	134
174	136	124
171	49	66
148	190	163
24	119	45
81	76	38
58	78	125
77	147	115
95	180	71
33	144	194
47	84	26
25	38	56
43	52	170
196	20	190
75	132	150
180	194	73
42	97	80
136	59	97
138	37	155
178	48	46
85	154	36
112	127	99
79	90	54
163	98	70
91	181	62
114	140	39
31	167	42
81	196	63
136	178	110
156	29	77
113	184	44
93	92	90
39	56	31
89	200	156
41	118	115
177	171	46
34	119	33
148	187	41
80	173	172
168	112	142
182	120	149
46	75	176
133	197	193
116	121	181
101	44	35
143	191	72
69	72	130
199	183	123
67	195	98
114	130	156
166	144	66
159	115	60
176	132	165
59	99	76
62	88	198
191	141	76
99	59	196
112	172	63
154	43	71
168	47	67
162	90	128
78	65	183
62	124	66
192	166	103
138	118	101
58	160	86
61	150	26
141	130	92
104	20	73
194	102	45
48	131	188
42	140	48
195	145	116
139	179	137
129	132	73
37	180	200
74	158	195
197	153	78
88	100	119
43	107	161
151	114	196
198	98	82
121	25	76
104	32	47
57	66	130
92	91	199
127	166	156
155	170	198
76	42	129
20	116	36
60	160	96
176	113	110
157	53	100
161	89	117
110	88	24
187	59	81
28	80	108
28	78	172
62	30	73
129	168	86
180	42	102
132	47	171
99	146	34
119	56	56
151	60	27
66	47	60
195	64	35
161	161	110
173	120	116
49	29	162
96	71	199
26	26	86
178	97	191
170	69	143
103	35	78
126	37	43
120	157	100
128	94	22
160	161	37
118	106	110
119	113	124
188	98	67
70	196	106
149	31	164
87	191	24
164	127	161
124	62	55
173	165	26
92	43	38
148	147	184
30	156	87
107	145	124
35	38	194
132	178	165
43	67	29
178	133	199
197	70	173
20	71	135
124	36	68
27	189	115
41	54	165
138	153	188
194	70	72
111	25	55
53	144	112
24	175	167
85	140	72
72	94	190
178	40	41
82	111	123
76	135	42
68	137	169
160	55	72
51	93	44
93	164	189
196	31	200
69	80	153
24	92	66
158	70	97
118	81	22
192	131	53
134	163	71
124	133	200
189	112	122
95	163	190
48	124	110
166	171	26
166	116	187
156	104	81
23	188	169
123	26	162
36	176	125
173	95	25
57	40	113
27	145	70
120	132	180
86	125	125
124	121	104
41	141	174
41	81	151
138	45	96
144	32	126
190	60	99
86	99	113
133	138	39
94	188	126
106	189	91
178	121	125
107	172	32
88	116	98
97	136	77
62	165	27
124	42	26
28	41	165
117	181	171
75	48	46
76	169	99
190	62	115
194	128	106
113	175	91
52	37	175
87	98	86
152	39	179
37	129	69
21	23	24
71	120	142
91	92	143
31	169	124
137	31	51
98	31	108
59	183	117
108	37	125
82	35	23
62	166	23
138	60	179
155	143	185
99	196	21
183	133	170
159	123	195
114	170	25
26	110	194
118	29	136
155	109	189
193	152	108
43	177	145
180	87	95
103	141	167
81	151	137
113	26	145
82	154	21
98	82	120
152	199	144
71	153	60
186	148	54
152	54	39
74	143	178
53	78	184
87	185	80
194	162	34
112	148	29
97	169	77
128	51	113
174	112	181
97	85	191
135	151	113
172	120	91
133	82	36
152	23	90
112	65	192
64	196	64
120	38	47
21	117	130
192	85	174
111	166	61
89	179	165
59	104	120
53	92	73
129	163	136
72	143	123
188	113	60
150	181	120
199	24	30
155	153	57
128	167	77
79	171	197
104	33	110
178	183	111
145	137	41
136	152	141
164	149	109
155	97	107
80	67	185
179	28	48
185	147	176
62	60	43
52	159	183
102	185	96
91	165	161
61	34	149
58	127	69
45	126	49
87	124	128
182	150	156
99	87	42
137	146	166
26	67	78
186	58	36
198	86	81
31	28	157
160	131	108
180	191	126
148	161	74
132	58	160
74	160	170
63	44	88
31	138	33
175	153	157
31	198	70
116	173	102
150	200	64
84	147	178
107	90	103
190	71	32
156	129	45
146	138	65
71	105	100
143	53	79
141	191	41
187	30	83
133	31	104
148	57	198
127	97	157
95	113	168
142	156	145
155	96	139
127	85	91
188	167	170
127	155	47
182	99	118
48	69	176
185	63	165
64	89	55
32	70	164
99	185	194
22	44	117
130	129	84
83	74	179
76	89	39
92	55	57
98	164	122
81	164	134
91	51	38
115	137	43
156	103	83
22	188	58
33	70	187
134	177	137
98	162	21
51	60	113
131	188	96
77	24	115
168	136	114
63	176	36
165	157	78
119	138	154
197	39	154
189	114	59
140	105	167
105	146	151
188	131	101
91	161	184
120	61	177
52	24	26
64	120	105
93	119	86
198	168	189
129	97	64
82	129	86
199	160	94
177	192	87
43	88	46
91	187	170
27	147	107
44	27	83
108	178	199
168	94	198
28	174	120
51	176	154
145	109	88
140	196	70
161	99	131
85	188	104
99	118	166
187	24	75
79	82	108
20	123	149
98	196	26
164	25	93
29	198	148
24	31	118
48	62	179
191	165	71
149	141	132
38	79	20
199	165	155
199	83	173
146	169	87
88	119	52
56	92	131
132	62	158
139	198	98
95	107	46
25	95	132
53	81	124
40	91	170
113	185	50
74	180	89
171	97	70
143	128	115
178	129	190
173	155	23
21	100	78
73	21	37
166	131	145
158	185	43
54	86	102
65	190	86
186	33	128
139	194	43
190	137	154
29	25	136
140	86	44
78	159	139
82	67	105
39	135	38
30	144	196
99	62	131
156	35	24
164	145	96
66	185	115
113	164	51
149	23	177
37	138	166
165	129	152
27	80	72
22	42	178
99	91	185
40	129	105
102	166	77
190	153	34
64	102	72
162	168	112
92	96	194
85	173	154
33	95	79
194	64	99
156	126	39
60	182	93
144	121	155
185	187	147
47	45	149
57	28	75
162	26	139
190	143	104
42	44	184
31	182	59
150	194	151
67	188	170
32	157	180
123	95	138
90	37	172
35	28	191
37	145	148
48	100	75
38	101	121
174	144	48
146	34	110
149	130	147
101	109	107
20	72	29
125	155	119
119	88	178
88	45	52
134	132	115
76	21	127
71	92	141
172	150	135
30	156	168
114	190	25
105	127	65
52	31	154
74	140	179
97	142	64
140	20	55
50	74	111
106	65	140
20	60	38
36	143	174
98	53	85
100	123	126
78	64	186
23	110	161
27	60	83
94	66	166
173	105	199
129	160	22
86	200	86
181	142	47
152	177	192
24	25	30
121	158	30
66	196	105
82	88	108
173	149	44
128	137	48
188	78	114
83	136	111
82	122	52
77	45	47
30	154	154
111	69	80
190	194	79
116	57	38
84	197	161
73	134	101
82	161	52
173	145	178
67	198	143
111	71	41
81	138	177
42	185	169
56	165	96
179	53	24
80	89	132
55	69	118
56	145	174
164	152	113
45	97	61
28	96	84
160	123	123
76	82	47
132	76	74
198	88	192
181	145	152
198	31	91
111	64	170
63	42	149
25	112	160
41	180	56
51	185	147
74	154	133
48	56	197
47	104	107
112	156	174
81	90	113
148	139	136
118	50	186
111	106	120
57	148	101
95	152	180
44	158	147
128	23	109
33	132	192
37	29	108
138	183	135
193	193	102
171	166	64
20	125	55
35	51	75
129	59	121
141	23	81
56	104	143
66	132	78
44	121	53
45	84	145
39	35	130
35	143	170
194	94	118
58	136	35
32	37	81
179	42	139
134	112	162
129	152	51
149	128	175
164	88	125
196	91	33
189	99	200
121	40	45
132	59	161
24	151	90
51	169	45
171	182	197
185	118	37
153	166	69
49	55	128
108	172	199
178	122	107
86	105	159
86	95	25
87	66	83
101	172	142
127	57	31
161	99	60
123	180	128
199	164	82
190	111	173
43	175	192
189	87	84
199	32	190
103	112	168
163	88	169
129	116	62
173	61	109
38	152	50
35	167	68
37	145	114
158	51	55
62	75	58
91	143	140
27	22	108
57	53	74
26	152	52
119	80	196
124	186	145
96	182	192
60	83	89
114	156	199
113	108	39
85	156	91
145	87	74
74	74	51
131	169	157
66	182	150
32	87	27
142	187	189
66	84	66
38	117	133
67	53	144
176	85	51
101	107	25
131	173	52
115	149	160
112	32	63
118	93	103
80	111	155
137	128	123
156	75	122
66	167	91
157	132	31
121	56	132
177	87	156
175	77	172
61	100	63
121	118	122
60	73	43
188	197	30
86	154	165
21	44	193
128	43	187
195	94	122
153	44	195
174	107	181
168	31	74
39	174	89
58	165	183
137	165	71
57	26	42
72	143	65
142	150	161
193	20	107
168	79	170
55	65	49
62	188	84
97	159	55
158	115	116
138	68	186
73	143	132
120	182	109
160	39	194
48	55	131
89	85	194
41	89	66
57	192	165
51	140	20
146	119	101
124	97	167
187	73	152
165	171	20
193	132	135
64	172	30
94	172	98
112	91	187
118	29	135
38	117	177
159	142	191
60	154	128
30	190	146
164	56	32
190	193	23
192	83	164
50	175	34
152	69	129
128	95	183
102	156	163
144	194	80
169	84	21
175	160	170
187	70	177
123	190	23
137	92	139
89	62	112
41	66	32
173	21	80
89	126	128
159	149	64
131	152	84
35	55	91
121	133	49
76	149	83
32	81	128
122	36	60
79	155	172
170	147	95
127	41	116
168	21	193
66	114	155
154	96	39
130	40	33
181	166	191
24	88	125
22	130	73
43	125	24
82	102	144
58	92	43
173	191	105
54	116	171
27	27	43
77	141	101
141	164	123
79	74	23
145	31	81
144	63	110
121	187	132
157	101	184
28	26	186
174	85	53
168	98	112
114	85	101
39	95	106
45	118	84
188	74	51
60	22	89
115	154	132
25	105	85
196	23	100
109	66	68
38	185	144
126	128	33
69	92	180
149	109	187
189	161	199
154	87	193
199	170	68
25	87	156
152	156	49
194	196	100
42	115	183
177	135	193
70	142	165
191	102	176
27	25	108
29	48	200
26	189	70
49	82	151
130	45	21
84	31	31
132	50	96
91	85	36
91	121	82
90	105	21
189	101	112
150	119	174
107	84	129
180	130	187
93	158	47
79	126	42
96	145	189
179	77	118
133	136	111
186	176	152
30	61	39
135	55	50
161	141	110
149	28	41
134	100	36
173	99	170
48	142	172
130	140	91
157	29	87
26	45	136
155	20	76
165	61	134
23	76	173
146	104	170
151	56	88
74	172	90
34	51	166
136	136	104
60	88	146
106	186	110
73	31	193
112	106	34
194	173	192
144	127	77
119	39	159
38	29	103
141	35	126
32	168	85
50	35	137
125	49	182
22	177	80
120	185	39
108	127	101
191	81	166
147	42	46
165	158	127
91	180	75
140	122	28
180	174	186
124	105	144
196	47	174
98	121	117
177	38	90
71	59	89
68	136	149
50	167	100
170	26	103
28	73	119
130	92	181
61	144	111
136	194	171
46	49	43
86	105	185
148	114	127
73	154	112
136	75	193
56	63	40
120	171	127
178	34	95
142	80	100
96	139	48
70	134	109
78	30	171
80	66	185
153	97	123
167	92	76
173	165	89
183	154	117
104	104	76
190	137	184
190	43	26
45	101	174
181	141	87
120	42	100
108	78	106
155	182	58
35	80	94
171	195	68
117	40	195
173	28	91
91	77	37
26	191	124
95	165	67
76	49	199
110	62	40
51	99	27
94	82	41
130	123	165
74	146	167
172	48	197
31	66	84
184	151	85
100	39	48
191	108	81
96	98	81
178	197	190
123	149	176
97	73	135
28	168	165
138	109	59
33	37	50
195	164	175
63	28	117
95	200	35
22	56	38
155	162	24
144	99	79
38	178	145
74	133	183
147	169	131
47	177	61
165	67	142
74	126	137
181	138	125
72	58	47
125	179	175
38	99	105
149	70	62
74	169	85
152	168	54
185	89	194
125	126	117
114	124	192
42	174	152
40	133	172
108	27	161
193	65	158
101	157	173
149	53	102
97	53	40
151	111	184
191	40	29
149	116	125
167	102	110
161	143	35
26	160	102
102	155	184
35	155	82
75	161	153
192	35	162
56	199	145
55	66	72
31	90	82
105	193	186
63	156	149
104	47	200
116	139	112
188	136	53
80	163	68
68	52	24
155	153	155
177	117	191
193	67	114
152	193	191
34	57	104
48	185	62
148	113	158
176	123	88
109	57	189
54	147	172
137	45	31
169	45	53
105	176	104
29	154	87
171	149	190
27	51	96
130	192	128
112	119	132
58	132	62
38	144	33
189	25	73
186	57	190
195	173	30
105	20	145
37	150	183
151	97	114
114	20	70
57	112	72
64	47	20
45	152	103
142	177	103
109	160	55
181	100	128
125	99	137
121	163	66
21	39	57
141	33	139
149	65	31
144	113	146
150	158	149
103	127	102
20	199	94
146	48	101
172	164	198
136	119	152
87	53	36
139	96	70
119	63	128
58	185	130
123	107	165
90	148	97
117	162	159
156	168	132
162	22	180
91	171	193
186	82	80
50	65	56
107	85	62
159	109	182
56	187	152
140	42	39
187	84	133
45	80	21
56	191	175
66	33	64
41	54	102
53	26	70
148	81	75
156	176	38
48	101	176
194	44	117
148	101	196
172	161	127
181	38	166
29	38	60
166	35	30
173	56	45
105	33	120
144	86	28
49	71	97
47	95	149
77	100	33
154	54	163
102	198	131
55	168	194
40	170	25
125	24	148
125	31	105
51	180	65
176	36	80
166	144	147
57	68	167
104	42	117
132	60	145
194	54	63
37	172	100
98	143	66
118	166	110
132	75	114
71	77	41
22	100	167
94	178	41
125	175	200
187	165	45
115	127	20
157	39	104
35	153	133
35	79	53
25	31	88
54	134	42
65	47	191
37	149	96
113	196	39
52	123	71
61	46	198
95	117	36
84	133	145
34	21	118
168	187	170
174	125	36
162	197	183
149	118	174
93	174	77
136	186	73
25	193	59
133	23	149
155	67	113
40	61	94
29	178	88
170	200	174
25	183	165
49	190	57
43	41	109
93	184	31
71	136	184
106	160	180
100	72	130
91	87	38
153	149	51
134	93	194
147	171	26
103	38	133
41	162	106
179	65	147
147	126	131
164	177	193
80	66	192
22	43	43
64	31	106
131	132	161
49	176	178
93	92	114
69	181	178
133	109	109
199	58	146
115	79	122
92	122	52
22	189	181
24	150	20
160	177	104
55	46	149
126	92	88
122	143	191
74	169	41
50	21	157
121	166	94
79	23	44
129	152	93
98	111	174
100	80	173
141	46	45
97	148	37
120	102	197
90	52	90
58	88	183
149	68	90
64	43	104
148	52	108
39	182	117
28	174	29
116	45	109
185	197	122
191	183	200
62	129	114
64	28	75
29	123	80
40	154	154
113	21	23
117	146	94
125	132	148
166	140	105
54	109	187
66	118	199
37	197	148
97	179	164
88	44	117
86	124	50
27	197	179
80	55	70
121	41	94
59	52	146
97	27	121
57	106	25
148	57	63
108	68	169
87	132	191
188	185	163
23	56	174
173	83	48
117	176	74
67	40	148
40	157	86
170	30	122
161	69	70
151	141	68
60	172	22
45	118	75
59	20	157
186	181	76
151	72	60
200	49	70
87	179	74
172	91	163
69	91	157
49	181	182
146	170	135
76	72	60
44	89	134
191	179	108
196	104	115
81	185	148
72	98	69
47	57	56
43	28	133
41	164	31
32	89	157
185	146	88
117	172	123
93	126	157
86	187	61
32	143	197
158	190	177
33	29	168
98	126	75
36	131	61
41	158	20
42	102	74
66	161	115
70	48	173
105	116	189
26	128	159
76	62	96
66	120	191
138	120	111
119	70	97
183	200	123
135	200	184
82	150	107
131	161	124
114	73	92
134	189	132
131	191	71
29	142	157
192	121	40
174	109	31
177	125	176
115	50	166
34	49	129
53	188	171
65	58	142
110	145	58
44	74	57
179	106	55
28	188	29
35	177	78
148	49	73
93	119	94
139	100	129
71	49	111
81	64	110
112	71	32
23	106	48
54	57	68
181	56	135
70	101	160
149	109	58
141	118	168
27	155	121
150	121	28
171	103	168
23	119	156
130	144	196
42	93	85
182	78	173
127	184	175
92	138	41
148	130	45
89	32	142
164	52	88
75	171	72
127	28	197
41	98	70
26	116	86
61	38	64
187	95	70
22	124	73
150	61	91
101	178	178
43	177	178
71	22	193
200	97	132
76	195	138
103	144	62
184	124	122
182	20	46
72	110	78
33	157	196
110	116	44
159	130	76
63	102	134
74	118	180
155	173	193
40	180	74
128	65	60
174	140	62
198	176	125
193	141	128
32	138	145
166	187	171
151	126	28
152	59	49
38	71	166
153	146	162
164	140	189
102	117	149
60	151	196
95	30	26
23	170	142
52	90	197
108	156	46
102	144	174
198	148	155
23	190	190
187	198	109
30	113	180
55	77	137
85	124	196
121	168	199
138	31	161
136	180	46
117	139	163
161	152	103
155	47	29
92	53	150
189	138	126
125	185	20
135	136	180
115	123	34
81	106	159
200	107	191
140	138	146
90	29	136
188	112	101
138	86	79
151	34	192
32	185	106
61	178	108
174	123	95
34	61	167
91	94	178
72	57	146
23	89	73
45	77	200
149	172	169
73	90	49
67	36	100
73	23	72
99	114	166
190	152	131
172	87	45
140	148	156
90	53	172
114	73	174
93	123	114
146	125	149
152	30	63
196	145	170
162	148	197
86	54	47
185	78	123
27	81	122
84	73	29
142	80	76
98	142	163
120	22	121
108	101	157
141	21	75
84	118	34
71	46	146
179	183	21
96	94	199
58	191	156
137	169	68
22	138	65
156	200	32
169	33	36
141	100	112
21	103	94
64	37	36
106	187	130
28	62	182
146	31	28
48	46	32
164	149	148
67	22	89
49	148	55
135	30	47
41	24	81
159	103	46
62	109	137
103	59	94
88	129	195
103	123	92
200	122	33
87	153	147
137	66	143
180	138	35
30	125	91
158	182	168
142	198	170
77	191	58
21	186	106
86	34	129
69	100	87
162	126	154
188	120	130
119	81	131
70	123	40
167	72	108
182	135	52
107	116	51
199	138	106
90	144	199
78	183	67
132	125	154
129	42	128
173	174	168
162	95	177
133	161	21
109	42	52
99	101	53
43	97	102
37	123	51
196	171	172
36	79	91
84	115	101
195	139	145
82	31	111
177	34	98
66	37	172
21	187	188
198	29	44
170	36	173
171	100	170
144	89	130
164	99	75
131	55	43
67	24	39
128	30	65
61	109	174
58	73	113
53	121	91
44	161	117
119	190	149
85	127	189
87	169	193
151	82	175
107	198	29
191	108	99
74	151	64
60	179	67
162	165	139
60	150	25
94	133	166
68	92	82
34	38	157
64	79	120
25	53	137
138	137	156
140	102	163
154	103	148
113	38	190
192	143	169
95	91	25
40	37	41
37	113	136
35	59	86
67	179	108
177	81	155
63	176	101
132	104	123
42	164	127
196	118	104
29	103	188
30	72	184
57	162	38
193	76	100
185	89	82
80	141	165
110	21	183
67	167	54
108	48	71
116	181	134
122	21	54
129	101	151
95	50	148
165	102	184
111	95	25
63	106	26
191	158	139
102	145	186
47	168	56
70	163	48
100	28	77
37	136	97
133	74	107
111	76	49
108	60	151
43	194	144
176	41	193
99	167	26
128	53	29
97	102	147
97	33	143
176	142	99
56	23	125
158	183	93
134	83	69
200	51	21
181	99	91
109	78	51
196	116	110
191	111	54
192	30	123
50	23	43
194	75	137
168	99	84
32	166	81
122	114	164
68	141	194
162	59	174
115	126	181
129	94	200
151	167	95
113	130	88
164	34	82
143	116	136
108	195	46
97	168	131
171	69	116
122	162	195
168	86	160
34	156	161
57	155	92
77	53	97
27	36	41
125	95	85
191	30	141
101	178	120
83	170	165
40	42	98
47	80	90
59	70	64
102	128	99
51	70	124
102	59	164
32	108	43
114	49	164
47	85	183
188	165	99
70	120	194
63	29	63
81	73	198
43	31	59
145	172	87
85	49	30
164	104	191
175	186	31
130	125	111
151	153	38
130	67	40
152	190	160
149	84	42
90	170	53
28	96	38
195	191	102
30	106	171
96	143	194
99	82	85
59	158	130
187	80	195
151	150	82
132	167	124
147	173	77
108	46	145
131	125	60
58	42	29
52	174	134
48	89	103
169	191	30
163	115	136
133	103	44
116	134	155
130	24	60
189	157	43
137	190	111
36	44	180
134	183	145
35	29	186
97	144	193
130	60	170
166	157	30
162	54	143
162	98	128
133	85	102
82	153	170
42	193	107
192	105	32
107	122	127
162	76	82
35	76	73
76	132	185
153	20	123
24	133	200
64	156	47
42	191	110
140	32	137
62	131	154
142	60	111
87	48	23
184	198	88
145	24	133
34	52	46
110	128	160
25	134	165
87	28	40
24	153	33
58	87	28
196	159	148
51	83	111
100	96	172
103	71	124
170	119	185
152	154	166
39	181	83
33	163	110
39	159	104
83	124	173
139	191	184
132	84	173
53	50	147
24	40	121
63	171	148
128	171	29
90	89	97
57	60	55
24	29	55
93	199	131
177	182	65
195	175	73
110	96	135
113	181	56
168	198	126
67	36	86
78	74	155
128	130	168
45	159	62
116	128	183
89	50	200
21	135	140
128	45	180
101	103	150
26	93	26
41	188	183
31	184	83
56	35	46
66	67	197
150	99	136
23	58	188
166	68	188
152	200	149
124	84	25
82	185	87
86	63	106
32	149	74
103	50	198
114	22	120
142	34	154
102	43	171
151	172	116
97	167	182
89	121	119
39	191	200
21	123	113
59	185	197
101	159	169
181	72	115
190	124	44
53	125	43
97	70	85
68	187	54
139	142	170
45	66	36
56	113	142
111	165	133