3342 
1863 
3154 
4768 
2651 
1184 
3437 
4120 
2429 
3991 
2257 
3734 
1597 
1750 
3201 
3794 
3424 
4486 
3444 
3515 
3563 
3713 
2941 
4709 
1679 
3576 
1633 
3968 
1094 
3211 
3194 
2140 
3861 
4259 
4174 
3568 
2724 
2563 
4569 
2914 
1629 
3624 
2120 
3979 
2578 
3933 
2248 
1980 
1784 
3586 
1432 
1698 
1814 
3658 
1778 
1498 
1036 
2307 
4360 
3152 
1646 
4888 
2794 
4034 
2367 
3940 
2468 
2759 
4542 
4757 
2418 
4549 
2458 
4286 
1821 
2260 
2308 
3950 
2995 
2242 
3064 
2957 
1204 
2168 
1296 
4698 
2367 
3518 
1216 
3589 
1788 
4619 
2580 
3899 
1030 
2819 
4964 
3240 
4250 
4225 
2202 
1856 
2343 
2666 
4403 
4444 
4426 
4691 
1770 
1666 
1896 
4744 
4171 
1220 
1555 
4699 
2995 
2499 
4910 
2426 
1510 
4572 
1218 
4577 
3359 
3976 
1015 
3711 
3416 
2031 
2488 
4141 
2949 
4406 
4509 
2140 
4574 
1323 
3387 
4111 
3216 
3133 
2034 
1092 
3164 
2717 
2182 
1340 
3537 
4093 
2832 
2236 
3787 
4399 
2498 
4530 
3853 
2743 
1702 
2574 
3358 
1112 
3719 
3644 
2697 
2194 
4002 
1717 
4341 
4075 
1025 
2545 
3027 
1763 
1403 
1331 
3482 
1454 
2122 
1942 
4457 
3704 
1412 
2069 
4421 
2793 
4228 
3980 
1215 
1095 
4431 
1796 
2448 
2475 
3512 
4566 
3383 
2647 
2213 
3312 
4833 
2404 
3611 
2365 
3133 
3783 
4529 
1796 
1116 
1447 
1882 
1812 
1175 
3288 
4240 
3687 
4052 
1685 
4451 
1964 
1620 
4277 
1382 
3628 
4959 
1417 
4917 
3673 
2233 
2228 
3101 
4364 
3224 
1809 
2574 
1142 
1499 
3040 
3801 
4773 
1955 
3578 
4191 
4540 
2385 
4578 
4113 
1255 
2873 
2474 
4055 
3882 
2537 
3129 
4499 
1373 
1892 
1418 
3153 
1090 
3743 
4696 
3801 
2899 
2985 
4102 
2220 
2107 
3678 
4275 
2261 
1344 
1595 
4389 
3806 
3374 
4779 
4917 
2060 
2196 
3662 
4622 
3184 
2389 
3768 
2695 
2611 
2848 
4827 
3243 
3837 
3078 
1250 
2814 
4363 
3234 
2679 
1627 
3205 
2089 
1915 
4607 
3918 
4874 
2680 
3868 
4283 
1999 
1688 
1856 
4192 
4583 
2338 
4709 
3211 
3264 
3811 
2992 
4119 
3266 
1869 
4806 
1425 
1865 
4930 
2657 
4641 
3646 
4506 
2879 
1969 
4691 
2254 
2291 
2577 
3067 
1240 
1426 
4999 
1562 
2727 
3340 
3486 
4331 
3389 
1131 
1670 
1784 
3600 
1529 
2339 
2780 
2749 
2121 
4958 
3748 
2918 
4648 
2772 
4984 
1814 
1049 
4296 
3369 
1094 
1288 
1570 
3104 
1173 
2499 
3046 
1140 
3164 
2022 
2024 
3168 
3264 
1325 
3882 
2697 
2432 
4429 
1391 
4299 
3650 
4687 
2284 
4709 
1414 
3380 
4173 
1157 
1574 
2348 
1998 
3086 
4632 
3650 
1753 
1025 
3784 
4116 
3756 
1107 
2296 
3858 
4149 
4400 
1871 
4904 
3200 
4321 
2044 
3192 
3633 
1378 
4143 
2409 
3781 
3465 
1081 
4792 
1792 
1562 
2540 
4767 
1095 
4549 
2641 
1166 
3665 
2004 
4802 
3471 
3817 
4696 
2859 
4075 
2858 
1349 
1205 
4630 
4431 
2026 
4368 
2865 
4734 
3757 
4748 
4948 
3366 
4697 
4615 
2664 
4786 
4650 
4568 
3367 
1769 
4402 
1888 
4449 
3684 
4697 
1006 
1033 
4766 
2341 
2740 
3312 
1619 
4119 
4566 
1512 
4941 
2805 
3461 
4636 
3580 
3487 
1326 
2543 
1367 
2334 
2925 
3519 
1766 
2055 
4339 
3329 
3298 
4150 
2849 
4662 
2773 
3125 
1194 
1826 
1899 
2134 
3378 
1157 
1559 
1567 
3563 
4497 
2388 
4334 
1196 
2927 
3215 
1076 
3723 
4426 
4540 
2512 
2138 
4211 
2472 
4929 
1934 
2476 
2407 
1218 
3035 
1531 
2054 
2988 
3972 
4990 
2336 
2610 
3265 
3928 
3862 
1230 
3359 
1729 
4885 
1257 
1118 
4180 
4515 
1363 
2477 
2878 
1089 
3102 
3051 
4078 
4814 
4563 
2051 
3365 
4623 
4135 
4499 
3765 
4552 
3268 
2665 
3679 
4913 
4989 
4555 
1554 
3251 
4215 
3686 
1285 
4615 
3941 
1901 
3138 
2428 
2657 
2072 
4043 
3835 
2975 
2488 
2704 
1917 
1882 
2983 
4339 
2360 
3874 
1349 
1238 
2942 
4328 
2427 
3360 
2173 
2886 
3369 
2860 
3533 
4027 
4058 
1684 
1973 
1564 
4752 
2154 
2798 
1924 
3693 
2086 
4354 
4825 
3386 
3666 
4828 
1544 
4519 
3815 
3864 
1022 
1178 
4944 
1285 
3975 
4489 
1379 
4508 
1179 
1302 
1893 
3015 
3635 
2539 
2856 
1945 
2647 
2720 
3678 
3824 
3638 
1928 
1735 
3867 
3886 
3138 
2212 
1469 
2453 
1252 
3421 
4840 
1732 
1465 
2528 
1501 
1842 
2925 
2319 
2732 
2395 
1144 
4021 
4739 
2583 
3887 
2055 
4137 
4787 
4969 
2706 
2585 
1722 
3210 
3110 
2630 
1764 
4660 
3084 
1770 
2422 
1066 
3418 
1245 
4842 
1250 
2857 
4138 
4180 
4622 
4393 
1996 
4880 
3994 
1124 
2450 
2671 
3740 
2813 
2128 
2093 
3234 
2306 
4767 
4838 
4660 
4260 
4383 
4606 
3890 
1429 
3659 
4179 
3010 
3149 
2968 
1215 
2915 
4846 
2502 
2936 
1054 
4339 
1644 
3732 
4594 
3051 
3787 
4725 
4326 
4556 
2485 
4279 
2247 
2563 
2609 
3860 
3352 
3116 
4512 
1677 
1009 
1861 
2342 
2461 
4119 
4713 
4198 
1799 
4667 
2655 
3126 
4286 
3781 
2395 
4816 
2297 
3379 
3158 
3755 
1821 
3725 
3249 
2575 
4454 
4942 
4536 
2659 
1148 
4013 
4786 
4290 
1162 
4678 
4238 
4683 
2815 
2792 
3319 
2360 
3584 
2197 
3959 
3447 
4184 
3871 
4615 
2961 
4227 
1470 
4408 
1191 
3688 
3766 
4113 
4423 
2780 
2808 
2739 
4287 
4499 
3230 
1076 
1909 
1638 
4350 
2092 
1370 
3328 
1584 
3929 
2534 
2420 
1864 
2025 
4737 
4014 
1003 
2327 
4491 
3292 
3089 
1630 
3740 
3025 
2322 
4629 
2281 
1289 
4533 
2577 
4190 
1363 
3553 
4932 
1794 
1966 
3157 
1250 
3921 
3907 
4863 
4613 
1331 
3462 
1499 
2840 
3501 
2221 
4969 
3351 
4136 
3097 
2490 
4063 
2619 
4046 
1234 
2517 
4508 
3077 
2462 
4285 
2720 
4441 
1906 
4960 
4954 
2201 
1611 
4371 
2244 
1048 
3566 
1315 
2776 
1189 
2565 
2090 
2123 
1719 
4010 
3495 
2070 
4495 
2500 
1827 
3781 
2045 
4381 
2196 
4438 
1410 
4941 
3854 
4467 
4047 
4647 
3103 
3246 
2315 
4873 
1841 
4625 
1508 
3554 
2884 
4196 
2125 
3267 
4153 
3331 
3052 
2284 
4018 
2089 
2661 
3386 
2632 
1093 
1699 
3266 
1741 
3600 
4844 
3750 
4111 
3998 
3116 
3542 
1784 
1624 
2255 
2512 
2038 
2222 
1801 
4025 
1167 
1641 
1680 
1960 
4378 
1937 
1665 
3783 
1244 
1371 
3541 
3899 
3308 
1822 
2544 
2692 
2109 
4029 
1785 
2893 
4535 
1786 
3729 
4297 
1656 
3693 
2337 
4062 
3200 
4206 
1883 
4268 
3211 
2438 
4949 
2383 
4268 
3251 
4734 
1711 
2317 
3179 
4010 
1902 
4453 
2804 
3418 
1135 
1239 
3941 
3332 
4665 
1961 
2068 
3178 
2170 
3031 
1131 
1942 
2985 
4341 
4363 
3310 
