-46704
74975
-51825
-94329
-70014
27470
-16227
-19635
71321
-67892
78494
57313
-43205
-90907
-41129
16861
-90586
-95049
-92086
82229
62401
27267
1843
31356
-23138
48842
97579
76021
54729
51135
-29032
-28687
50160
12673
-37407
86461
-2390
1080
64173
52602
-1511
-14875
-70361
-83551
70001
82026
9481
-17087
14026
16235
17440
96850
-4241
-27363
47430
62665
99760
12754
-6842
94633
53903
48643
-11186
-97400
-8813
-64757
-12045
-52274
92058
42300
5949
-75504
61290
-26564
97622
93603
-32918
32537
-83593
91021
92478
-55311
83287
-57055
89707
-54225
77394
-42286
-51418
17954
27307
-48050
-21191
64628
-96799
-42567
-49136
69170
11595
11745
-13430
-75534
69586
-54431
84521
-16818
-86134
52459
-10261
-6770
19489
37943
46656
97969
7207
17632
72144
38703
-95259
-25443
-29703
63313
65203
6533
46407
66592
-83867
-98045
71582
57977
-50693
-7725
-11720
-19870
38690
-76735
61919
-78989
31525
-55617
5419
50010
30496
-35121
-73161
63907
-4054
11681
9852
31611
24362
44798
80925
-95917
51858
-53255
-13565
52500
-5197
32364
60822
31280
-17744
-2687
-66529
-52937
38775
74413
-98027
-30878
-52756
-25910
-10514
69692
91774
-48908
-44774
-71705
77687
-71153
-62992
-21565
-92976
-28358
-85302
71928
-79579
-86737
78592
49478
-86765
-14469
88574
19402
54640
-7153
-90810
23287
-90590
22754
25423
-97499
-90185
18905
76850
-16814
-35685
-71211
-87146
-42951
-81950
-54761
31553
45674
-35779
41762
-67544
-36603
6058
-1086
15629
-60833
-23845
-93692
9766
87385
66792
97453
-24852
53495
87505
55521
87996
45776
-65707
-2493
-40343
82233
25864
65832
75558
-47903
68910
25198
-54083
33962
-51117
-14185
-24371
16630
-11065
-78999
-88023
-33098
-96283
-71439
46036
35253
9167
-21639
-53739
-95292
-38554
-48281
26368
16826
15296
-30370
-29176
16554
-58933
31988
7420
60449
4472
21860
44634
83342
53946
-79256
-32515
34715
-50985
93561
12533
77480
-18669
38238
68585
-43626
97501
14835
-37120
66083
81435
-87879
-93839
50164
-96613
24959
72511
-63319
51230
62554
-87391
-46726
-33077
84581
37548
-20313
-31935
-30752
-10749
-59159
75162
-31720
61376
90166
-97247
-86053
39459
20249
68575
90436
-48324
70210
-32495
-50317
97709
78854
34606
-60195
45525
44623
-41233
-33675
-74637
-22918
69030
-40907
-80866
-7421
-28565
-82309
-2921
75756
-1039
8254
37575
75948
-50652
31338
77672
-27707
-39375
19042
-90389
-28930
-71754
76966
-89185
-2755
-19172
47577
-39195
5279
-14751
-86642
-6413
94801
-64594
-53862
9546
-71208
-36163
-13009
-61678
-73681
-84221
22912
-62956
19922
40050
-94267
-93809
25953
-26121
70610
-14625
-74603
-17936
-27648
-78688
10707
-10238
-8722
53665
72838
4995
-48830
-44867
-30905
-16019
-5869
49829
-97135
-24163
57629
-65504
-54277
43451
85165
-52746
95817
-47654
91002
52238
-70275
-55457
-74906
-64866
-2220
34992
-17381
-20593
17749
-82912
12438
36856
13840
99095
-47480
67644
61413
24413
-18629
-80915
16205
-56355
86266
-45069
-69764
66608
86595
44203
-50190
-56535
-23843
-77400
33913
-39172
55855
-34604
94106
-15185
-77527
-64936
42020
-88365
51979
18613
-20776
60640
-8026
25792
19050
72693
-49224
1045
46040
85416
-4181
-88468
-17572
44796
20510
73344
70159
-21958
41555
52305
3551
-10318
40900
52516
-76098
40495
-42246
-17886
18751
16383
-66600
86625
86697
69425
68015
28563
-53609
-68960
-16138
-82033
-28105
55092
10226
-18262
67019
-26158
72034
42637
-84521
80944
69473
44989
-24963
-14030
-37408
28817
54975
-58095
-34299
-91371
83779
67470
-87654
10670
-52862
-98206
-69289
82237
-50049
87704
-61812
-18200
71216
36029
-47546
14911
5904
43793
21658
-77697
77013
33
-37
-45
-34765
26714
-8687
9609
61932
99188
11281
82905
-66638
51489
30350
-53855
-757
45800
37402
-77228
-89677
38206
-68170
-29508
-35060
43756
-32982
91606
-25657
18354
-25941
24747
68426
596
-15625
-20268
76941
-48239
10538
-98697
93959
-45720
52446
-97577
60004
-50908
80412
91934
-8640
-4632
-92296
-67071
65064
14667
-85139
73861
26135
7192
-22965
40873
-68220
-92651
63602
-69643
-25375
-23256
-1310
62584
-89587
-39989
-3056
-74456
92665
-53987
-48141
-6025
-50056
-9220
70604
52182
84766
-22088
41730
-14343
16866
56825
-4583
82458
-60207
72819
96392
-24011
-99482
-59448
44221
-6776
38630
47851
91624
12517
82171
43201
-42859
-59065
-47008
-82752
31691
84483
86394
54812
73621
80207
-54843
56671
-9704
-63462
-59555
86927
58712
-81938
93311
12886
-36143
85997
59468
84317
-93905
-95895
2332
-72221
969
45971
-30769
-62920
-18210
87543
-73675
71869
50857
83456
-30981
-8296
63154
60853
-54851
36618
42438
40546
-99298
-22835
46288
65242
28050
60572
-12785
52555
74894
-14067
-35628
70672
97122
71386
95193
-84468
-57888
-13390
-19668
-8945
42755
-32605
4794
-22865
26954
-50240
18887
-29222
-28561
10068
77460
87343
10902
29915
-45168
35102
9411
64977
47377
30473
96023
-15129
-69140
-28814
68679
-48534
-58558
28106
25413
72147
-89786
7991
96962
60752
-70241
12339
-73277
13879
2281
61526
37074
-99649
-43402
-48930
12583
81659
7361
41138
32307
39281
-10405
58155
63503
-54143
94885
-34825
22802
311
-70922
-13705
-77389
59596
-3447
-71946
28534
69172
-83305
-93448
93920
-28992
25916
-68207
38951
37526
-83964
5837
-83703
-23788
11171
8842
49661
-75260
59517
-83483
-9677
-68318
-72136
94859
-99694
97176
38737
35824
-42603
2884
-54400
16635
40495
41001
65041
-49825
-86944
-5043
-18702
38705
31316
-7800
-84062
-1262
30460
63023
93709
-25739
-12318
98129
-81086
-86779
-62694
35428
95449
-6356
69205
89269
-59194
-74870
-94123
63772
-40339
79382
-26849
48295
95779
43416
7215
23876
-21180
-82348
82542
-50688
-28397
19041
7424
-73912
87236
-93635
47713
89439
61112
75666
-87086
-18725
49590
-76725
1719
-53334
55665
-98032
82672
79173
-47359
6819
74619
52200
-417
3428
-45892
54382
41987
96261
-20608
-66732
88
-5498
33
-76956
-66691
54869
7087
59554
99975
-22986
-24190
-45975
-89546
-27552
79818
-1973
-65218
29132
94059
95362
-15205
-4393
46727
8083
-80566
49156
-8246
-43417
-49648
69484
58670
27741
47784
-83928
81375
-9709
35337
-17409
-42249
-69631
10124
30256
-81489
49706
75191
72816
-17894
29065
-12155
27813
77404
-20358
81371
-32068
-68230
-21207
-14159
-34789
-55039
55180
52773
92506
-26540
-81151
72665
-75140
-44541
-67081
-61941
75488
24738
-75645
-74547
-35946
-22685
18279
50684
-80474
92807
44013
19318
-44316
-7107
87795
-40554
-80137
50278
-22399
5605
-93268
55797
-10222
-16029
55981
62903
31423
-88376
-55033
94008
46731
35401
67217
-30752
55426
17313
16017
17474
82235
85360
4194
-60960
-82366
-10938
96646
98953
4320
38302
-67462
-79380
-79938
-36411
-71797
93828
-10718
-61112
56037
24125
94772
-67319
47594
-92607
62597
31604
-75886
89640
81393
32179
13446
-48003
-7816
52734
-42474
21651
25767
87335
17678
-90931
-45137
-15369
-17801
96921
92376
-9903
41728
-58054
77811
54825
35938
-44615
-11016
-5320
24383
-98014
-67338
-14703
66994
-33122
12393
99986
-37988
64888
-38936
-42814
-44776
-34582
25685
-97356
26267
24585
-8494
552
-33917
88130
76694
-24075
-91715
-30268
-71663
-27924
-45501
-93885
-70691
19374
-52961
9089
43652
87368
-54834
64621
-94580
65473
-75177
98011
87128
-55118
-29544
-29369
-46528
-77337
70068
-15836
-91378
-77459
-10193
-25257
-60931
58400
93013
-92478
16475
-6040
-88107
36016
-33273
-9655
-59590
-13207
67318
9425
72671
93504
85857
91064
-27159
49113
31258
-66043
-38399
30187
-34384
6866
-37525
88658
-33939
15791
-24772
-53886
18100
65275
89041
60078
-8696
-43433
-29584
87553
11186
-28417
-36055
80084
51542
-44298
-91723
-30877
71506
-40134
-42902
-21375
-76435
-82803
-85546
-1975
-21409
43047
1228
-7617
61173
85860
79122
-5038
-34627
59764
-50078
40702
23710
47400
-84916
-84048
-919
-14433
65433
34894
9361
-4780
-61149
-65321
45967
-87126
-31910
93514
-84820
-72021
62248
-18500
-21165
-73549
55538
-69592
-97289
47644
-80511
-84742
-42902
-52977
2291
-35313
-81477
96981
13415
-11727
42290
6987
-69065
53741
-24505
74215
-47891
40486
59969
-21122
14647
34333
-23267
15515
40005
-36169
-55073
-2274
53485
10
12
44
31752
89917
2923
22942
63030
-98930
-44548
44018
-56268
-51707
-3759
-70375
71497
34257
-67125
-93569
-92814
81768
-93595
-57051
-92874
-71279
-24685
-49775
79201
-77028
-90784
-26191
-16693
94891
66161
69572
-33439
-63491
38720
-61305
-80216
-63897
25165
89945
67769
-30410
-73891
17201
-71419
-63012
79058
96178
26352
-26025
71046
73317
-10721
439
-93892
-36899
-46580
-19624
15517
92150
46940
-99315
7740
7186
11561
73865
79569
75697
-24856
-88702
8562
14
21920
74194
-75326
74128
-68622
-46754
39539
68428
-67074
-96044
-30212
63888
-35803
92914
-62429
82075
-71098
11981
-85822
-93439
-85234
-74093
91749
-49136
-7434
-64137
8241
75234
-93596
12518
14355
-83242
63215
48896
-12332
61473
16982
-61749
88757
-34950
-18710
-40464
-81537
-70794
45857
-38410
-55498
-90159
-3929
-4008
19562
-5732
19748
-50950
2262
-89596
-18330
56368
-18456
26492
-94236
-61453
73969
-13337
-74293
-85285
2372
82234
72366
79586
22805
57531
-69108
84769
-8078
-84438
-49289
-86452
22516
50860
-6084
66412
52340
-68615
65705
-14938
-21889
-48933
84954
31943
59644
-88555
-90967
32351
-89158
21144
-10073
-29749
-34615
-57900
-5126
-32082
45814
-4334
33764
19649
-23286
59937
-18314
-54939
36267
90399
67850
15506
94209
-32978
54710
3244
-34047
94874
68100
90608
-80183
6730
39735
42460
56249
84783
84735
2981
-35968
86921
-77955
-38553
-92204
13772
62420
37692
23907
69132
-57394
-11320
-68788
40722
-18097
-82215
78322
-4024
-20270
99764
-69180
-71318
68953
38213
40444
63909
-93902
41154
8109
17174
-28505
-71372
-99986
34740
-42619
97180
-51656
-44290
47907
23961
-58490
-95511
50529
12611
8437
-50034
72412
43957
53016
72430
31929
18711
29558
50541
-77025
81011
-80216
-23515
-66227
68430
-30300
-58998
-56773
47683
36192
-76921
-11490
9776
34331
-46022
-53191
7436
-50080
-35310
54467
-50593
-72185
-58001
30717
53684
-31528
-88397
35278
-9157
19732
96640
47286
5485
-52066
-64173
44018
45042
-38747
80960
-79871
25987
-88177
-73294
93688
-96070
85941
25968
62094
10080
-58005
-68586
34346
-1548
24398
-82685
52159
16176
37618
-36346
-92171
76488
76972
-68185
-15443
-13860
-50439
-2923
-55914
-82774
-8137
93581
37420
-3246
-57331
-92993
-57093
-73893
-63083
51747
-77900
-80316
-12585
-42726
81736
-495
-30893
34655
-40003
69557
-17392
84641
-50525
37727
-92482
-73394
29840
84616
20867
-34699
43828
13221
64012
72726
91500
19539
54007
-45947
85597
77637
47793
86318
83559
-43053
77121
-88413
-6211
38527
46198
84523
1053
-61672
-17524
73000
-35680
13605
-7735
-70141
49043
64666
-70312
-90319
-77301
-99795
-61219
92578
25563
29407
34286
54628
-6953
45052
-85614
-45731
-74532
79162
-64800
-72794
-47186
14265
25004
44589
-34138
40568
-92740
-10936
-15410
55691
-6574
45342
59185
30160
-16104
-32798
-7015
-32115
-55459
-60971
99709
-91633
-35716
86919
8840
-33464
57536
-70893
22880
40950
-69295
-34156
-83633
-27291
-12261
67594
26421
89174
71013
67842
-73016
-28710
-95264
-42542
38474
-48109
68271
29358
22024
36183
78389
-76166
-47245
-19293
86430
-25931
-72455
-65864
88728
99862
17667
-26558
-3225
-32055
-55903
-37907
79898
-7070
-72918
-12855
-22585
-12549
41203
-83610
-60123
-73454
-419
-92754
12507
-65594
16816
-37982
55346
27828
75141
-27530
-29790
41481
-236
-5574
60602
-28098
18092
15713
-32824
68686
98856
-77211
47552
-28468
7221
-60769
-18415
9853
-19615
-50533
-83378
11078
-9185
-68559
-52282
-53759
34942
-28969
-43134
-2341
98275
13550
77567
-10044
-74619
71651
-22604
-74214
-90355
-37815
-64949
-24057
-86907
-28134
9884
89317
-68157
43567
44427
-76696
42930
-8217
58945
94622
11956
-71351
79609
-91251
23996
38395
78449
-39336
-43897
90391
-43085
16690
3553
3864
59037
-45256
-53605
76817
93813
-71765
-20528
-20893
84363
-53773
-90621
44318
-46181
-33407
66149
13892
-62089
98741
-4041
-43352
90757
-92738
-40856
11560
-53308
40012
-18808
-16618
89761
-87633
86816
-36713
98919
20268
28379
-33533
-9304
-8240
63275
36506
-49605
3958
-67493
12710
51669
-35483
-30078
-11698
64777
25509
30809
-44120
-88080
-37937
-59518
29103
48291
98678
-88178
-80813
-24482
-58302
29399
76483
-32178
19051
-36638
-40563
74495
-88420
-59427
-57483
-97834
18975
99962
-44911
-77256
-81348
-67483
58375
-30803
12308
-57662
-56541
93878
-55819
36238
20343
-3131
37760
27413
-36748
-91269
-44474
-1891
-21234
68799
-66201
-85517
45100
73536
29421
-50841
-87455
60579
-71632
-50067
-44988
-78827
14311
-53477
97720
50141
3571
-88400
-66162
12754
-76194
73588
-29569
-95185
30308
-41471
74780
23501
-53729
-98717
24927
-41250
49693
-10455
77936
-40759
5441
-21906
48861
-1752
-1826
-41337
89888
5959
-8679
30877
-37428
85098
97849
64910
53178
53023
51183
58487
-59260
-79432
-63947
32413
-5437
-52469
848
48442
-67959
70096
-78328
-29473
5309
56085
-23620
-73245
-30537
-54856
19101
-45551
7331
79350
69838
61183
-42892
89242
-56791
-63502
4944
-63476
78870
-77420
-33077
-20912
1771
-12693
-86931
69694
24892
14073
-65941
-20971
-78174
65771
18033
-69670
-1697
94264
46741
40346
27660
-33729
1808
77841
-75642
11504
65458
7367
-67345
-63792
60532
73901
-8934
-27744
86092
15937
79637
-51209
-57053
84681
93275
10213
-9650
-52468
-85537
11688
-95203
2333
-20267
31930
43623
-72394
30050
3519
3182
7392
85465
-33124
34418
-45118
13410
-59888
-1456
71754
-77056
-11327
-19781
-16243
-29014
-54590
-1253
-57005
95554
-51111
17469
93533
-54633
48645
93702
64248
-99586
-67847
16160
-89823
-11870
-1956
97106
90576
43407
85573
-44501
-65584
-10170
95384
90528
-34951
-83283
2439
11368
23101
-81643
-95604
-44458
-12776
67094
51088
76702
-37913
20499
92098
-46877
23099
-48083
-69217
43702
-56881
65319
19115
60024
37659
-13797
-19119
44156
91280
-61759
-86246
56592
1292
-39423
-59362
-78158
10338
-41113
74396
-77953
-88395
-56342
-51158
-8362
-58406
-94068
-14478
41083
-35264
93144
-46013
16067
42151
-66775
-53401
28468
46785
-68715
12174
56966
-6960
61012
11008
-10075
-26935
-42170
-66830
-15904
532
-86671
73492
78773
-15743
44790
-93405
-9073
13230
-10569
-40006
-84609
-98641
-81948
-39469
-38141
80417
99927
-14432
97350
93244
43444
5122
19890
54446
74591
-72445
46105
78657
-57881
-76227
35638
-62630
9505
19495
57544
77214
-26906
86765
56297
81331
74304
97183
75256
12663
59976
-50539
-78434
-49312
75915
39260
-9591
69134
-33011
-39656
48794
-86625
72281
-1076
20534
79787
-94564
23002
77270
74615
49535
50214
76808
-34088
51157
67791
57534
95871
-47400
-32025
-26189
96122
3938
-42591
98530
-61399
-99296
76114
17105
89347
90424
-20230
-79170
38797
75612
34146
-34549
79955
81322
-27261
-32335
-13025
-40560
8469
49744
-91946
-52899
88527
-39344
-60984
-9205
-32947
-37074
70147
-82506
51697
22466
92134
-69730
36028
-96136
52730
-13989
-90302
-83134
67342
22379
64431
48100
47885
39268
85842
-29569
61870
50563
-16200
6203
-44589
50697
88356
19265
-40024
-92192
57362
-38771
-9412
-41799
41140
6201
80721
83394
13793
63081
76865
-11493
7464
-12019
-44642
80918
-16699
-70720
-27878
73680
22553
-89811
-75265
11203
28207
21473
71739
-56553
58940
95879
24140
61343
51713
-75454
8064
-51762
58502
40683
95497
89999
-45265
68242
10028
-83307
69846
57748
-10768
94410
10209
84633
-91012
14887
65784
46572
-61949
26861
54061
-62411
52757
-71810
70198
-7128
-11626
-6769
-62205
49500
-91711
5118
39539
10253
-37041
-89233
-86100
-35366
-44104
14838
-87629
-75264
-77288
-2093
45077
-56222
-41015
73776
-28738
-25057
8100
84689
70568
-69968
-69333
27916
64615
64406
8612
-17764
-86022
90652
-59619
-40227
-8282
50994
-18492
74066
65114
-14117
70545
93651
47741
-2179
69070
-18008
-33
-67
-99
-4770
35295
83388
-94026
81136
-46810
37562
-88195
-63049
-83982
-29566
-74444
66053
12365
7184
-35824
33268
-17894
-12015
78485
19456
47457
-98389
-3675
37736
-27756
53539
22713
51374
-8535
60469
-42414
-81790
-59321
91679
55945
-57495
-76095
-15403
-36122
-84429
-70752
39780
45541
32633
28890
15414
-52015
5082
6326
73584
21310
-26437
-52015
-53937
58324
-67215
73900
67436
29665
56788
-83127
-66677
-41912
-42100
13023
-88069
27644
54551
51680
31821
12341
-65846
-18595
65313
-2075
4148
-95020
-82402
-37371
46689
-85478
-78165
83267
90599
-54240
-32419
57297
-89542
-57326
-11297
-24537
92288
3550
87971
48304
-17904
-62980
-27830
56340
-9094
7584
-73438
96543
-35952
-35754
-62460
82218
21589
22906
-6801
39905
95402
-66802
96265
20969
-91132
-93428
-34813
40352
-67554
83401
55125
34205
65358
-42809
-81720
90299
-68858
12587
-76832
15197
-37135
52645
82379
7907
58303
10101
65703
-75794
17008
34279
65182
-63476
-49938
-94391
43444
-52053
-13270
65703
38499
27850
87225
742
-11545
-40395
-51020
-60667
25468
-13738
-96441
15043
-26451
40133
58920
78494
72663
-97719
-96465
39359
-5496
5936
-33899
-15996
-66860
-39874
-93890
35278
-99780
-75209
93613
56522
52710
-98283
-62469
-71596
-91011
-62931
56045
69997
-24695
69235
38909
-35980
-6705
-99765
-37204
-22550
65575
26025
98340
51535
82010
-9444
-28062
-95423
26664
-81388
-11337
-932
93347
34909
62028
-5041
4003
63030
-53222
-3899
-28634
-96715
34840
-61136
25048
785
-94969
-58363
-67075
68603
-12443
7891
-37176
-82917
57857
-29342
-36139
28830
-90448
5328
-18006
-67320
-32523
18986
-68082
-32728
-11560
48695
39771
-21184
14014
80654
63186
-37393
48212
52379
-15969
-43413
96842
80917
65190
-88150
-48863
-20321
24491
-70418
68533
63501
69927
51185
-56347
-56969
40118
-44753
42040
-92199
-39048
22657
72229
79092
67719
-50034
-16665
-63054
78801
-5749
-82327
85126
73965
-70468
16596
-93649
71535
-67754
53670
19502
-92343
80093
-16276
861
-10705
88665
-63580
69396
-11171
-13774
42431
12530
49894
91992
-61632
-35585
4953
59303
-36165
18000
33712
-78004
99637
70868
27000
83961
-49708
-63832
-99914
-52289
-94376
48351
5788
-12352
12861
40314
-31260
-80898
88184
62754
-14137
67567
76612
9185
80209
61616
48658
78533
13624
9926
45697
-3334
-58899
-98410
-37677
-37844
-57294
-49507
32610
65432
-11300
-65565
34451
-56879
-98170
62265
9160
-66278
71535
74434
33388
-50166
14995
-23917
-18821
33516
58427
84531
92684
-99961
24053
-95941
-58311
-94136
79597
-88560
75850
62615
-25351
-46347
-62185
53690
-89619
32109
55818
50586
40245
-71216
79021
74370
67103
-10907
-36027
-98415
38013
8161
-623
95299
25853
70804
15125
87062
97599
84599
68104
26081
95139
25690
86927
-84241
35687
44657
-98956
-15716
-46317
-51420
-18086
-87681
-99996
95097
2752
-60573
88997
-43096
-12604
15203
-89081
22406
-17154
-87616
62229
80042
17931
51395
-76095
-26313
40308
92229
61974
69777
-46922
38370
-1381
-85568
68449
-76463
60661
70550
-87924
64469
16687
-59935
98052
54787
-14109
87961
-77567
-92518
-2639
81307
18423
65634
-79200
-80594
68845
-31710
-90158
-78376
92440
92724
18687
-62998
-39574
-27660
79249
-14884
22410
44291
74184
-31055
13996
-10011
-77404
-73175
41030
86646
87473
-10626
-80131
-13606
-72873
25166
8264
62070
91335
-65116
1361
-70656
77955
-12997
97365
-45053
-28017
34988
-71287
-14141
-39060
-56117
-65119
39453
-96125
-31934
-12727
-17108
34885
19933
-85755
95351
28657
-44767
-23063
46397
-72990
39425
-66543
-33742
-51498
-95080
-23127
86508
-17565
32492
86712
67788
54258
-65670
35899
13213
-63270
-99918
-23484
-40704
62967
-11585
46508
-61200
-34107
-55189
-99886
-47611
-21949
-22772
79941
-12235
41240
-29245
-3888
30562
-41601
36832
36146
18288
-3274
-75095
-71689
24784
-91332
-62582
-31276
-10701
62304
-27566
-37601
38600
7579
-14682
-81901
22131
-8450
36784
-90678
24551
89809
63728
-9376
-54888
-3128
-10407
-83616
-18242
86734
-95678
28158
-10613
-55
43
99203
-57012
-35193
60641
62284
44945
98295
-66641
72140
-86926
-48255
28798
-66816
-53110
68189
-5250
-85489
90468
53829
-76434
70101
23766
53194
24538
93532
-64323
55222
-19428
69948
-41407
80966
87217
-65424
-71633
-80309
19968
45071
-95281
19955
-35967
-37166
-21583
87354
-55663
72727
-79740
-34413
-63641
-48987
82782
99950
-24418
-69419
-8606
31325
-45353
99709
-87997
33558
98028
44608
-64917
-54015
-12692
-22039
-26152
35431
3572
12227
-51558
-69769
-49491
74684
-38642
92597
-41973
1351
35697
8705
90925
-45363
12357
-30448
62820
13296
-39718
71781
36992
69207
79027
79765
29557
-34665
-48778
51542
-6949
-20615
99725
-10609
17845
53477
12995
-82844
48389
-64339
6340
14574
-86374
47940
48675
76205
50317
-44691
-76791
-26774
-90663
-32769
-76441
86517
30165
-41248
64561
-61759
31776
53190
60567
-58873
72477
-32915
15404
70271
55398
-2892
64940
-65069
-89586
-22793
20844
12649
-18239
-7370
-14017
-16191
99557
21815
-50680
-78875
-4254
-54086
-62308
-39065
-57115
-36736
-28430
18299
-9987
35532
56374
80875
40506
17290
22284
35065
-18070
45634
13394
-53056
45642
-43783
-52682
-60402
35884
8500
-63232
-40672
-87280
78452
82905
-10425
43695
3826
-73373
-94045
57857
20109
-58133
-58833
72044
2117
-3700
-70554
-26938
-24649
-5932
26506
-89682
25892
62689
57180
-43521
-40001
-281
37780
-21451
-24221
96206
13799
59869
-82644
-20346
68927
38668
-42674
-93254
-50825
86256
74144
-97106
36591
-34735
-17913
60230
38839
24429
-7594
96723
-48903
12468
-20508
34867
-41602
-39677
49744
-66230
-75096
58299
-99562
49115
-82809
-45600
10147
-44304
39988
32933
27936
-70037
-9835
-80631
-657
16902
-31162
49158
24067
2769
-99967
1120
70915
-66828
8641
-64778
-93591
-50659
64756
-97720
-91134
22990
20618
-4814
-50742
83330
43013
53238
82426
-73522
19442
-14240
-13573
-86842
29674
-30526
25063
72663
-86382
79130
84007
5860
-9184
-97065
-65826
-66855
-98443
-609
97772
92767
64249
-55572
-53914
-31976
-11929
69646
7869
1583
-58824
-3077
-13361
12948
10179
16868
-43274
65808
-50805
46446
-51496
71599
41153
-91510
-3464
-68453
-96583
-30381
-18529
-94156
-3835
77074
56311
-17528
-24031
66758
72962
36159
-80702
-56209
-15700
-56241
-70622
-25241
-17956
-45975
-10026
74030
-19721
-43518
63961
12143
-77403
79654
-24950
-36828
-10160
2619
-27065
-19172
43554
13042
60440
-59727
47569
-9006
26293
77850
-71640
-43294
38721
-27936
-73901
61700
-87623
-70717
-24590
-46536
-26576
-93305
89934
-60452
3089
61835
-48697
-34020
-36786
-40129
-55859
77900
-73045
-31225
-87560
-46836
-84642
2739
-2845
52108
-14273
78682
70829
-11279
-33210
99920
47452
-820
-11853
75889
61571
78634
-47811
-40255
96305
-359
72876
30872
-95161
-95635
80696
47342
-70809
-45759
38973
89279
-37675
41840
52608
-95887
-40631
68106
-98615
56712
62028
-43621
-55818
-65593
68226
-41966
-17824
65528
-17482
-37042
-723
78169
-71958
-55226
-99774
52856
-65074
29256
-524
39278
-46980
-47483
-97812
-59015
-91180
57163
-77901
83781
31338
-96251
77553
22453
47789
92816
-23890
-59023
-27400
2260
-72798
43799
4573
17371
-76145
7458
91304
-68142
-42952
93397
38763
38487
-26555
26638
-66213
32898
-98809
13797
-69313
39281
1568
33329
10630
55647
-83849
-89394
12288
-3151
-87455
49770
-41489
86836
95349
-12636
-65112
1871
-89963
-99580
38771
-72409
-1368
28500
-88326
89883
-7550
33501
-28695
-21927
10331
58490
-47591
-17221
93388
-50091
19170
74091
-76759
25572
14028
-34547
19845
70519
-91750
34163
-30445
68434
94925
-75534
77817
91056
-87042
-96529
59518
59979
-41532
7764
-38230
-81336
-34645
95474
92295
-59954
82777
-51093
2872
-15880
-62194
-15414
34869
-25624
-98080
49094
99137
-66763
91687
-68456
-8688
44055
-62237
-5304
61765
-7097
59145
-65074
24275
31467
31879
98079
-11207
-30922
-42591
43201
32472
74713
8852
-35023
-92878
24743
-10497
90149
13909
-19600
49673
-65102
-67595
-79466
-49546
-78634
41248
60783
42374
-24374
-37881
30911
-43214
-21472
15597
-22053
34707
28737
-74675
-51767
-94901
-84799
-75265
-73053
60838
-31001
60902
-24527
77034
-12527
-89998
1639
38460
85842
3167
91850
-50173
-10870
-23185
14800
-23116
82452
69697
-95045
-24917
-29979
88997
97950
-50106
69565
49223
-433
-96172
19563
98621
55958
-8661
87613
16391
-49893
79487
-30793
-60070
11828
-72462
46574
-37950
99755
-33457
-1779
-96868
43330
71729
-8
18832
28257
-16785
-813
80558
40537
85084
-60826
-30537
-77933
40980
94992
-6263
23086
-54632
-3873
-86613
-8089
-38529
48498
-29927
-5264
-38146
-32050
-28215
92677
-57026
37839
78469
51438
-15244
89533
-79917
70656
30939
-79829
-31850
72685
55067
-7438
-14889
90327
94663
-7217
79887
98376
-15817
87965
-90193
91613
65249
-46896
-80439
57961
52823
-51460
1089
-60693
81556
-14712
-50397
3388
-58065
39531
-72746
-15236
-8685
-37857
81373
-54988
25894
-1873
49563
77405
48702
92543
90361
95698
46438
43321
-61087
-60004
-9611
3654
-74961
-50974
-11268
-83587
-77592
-4844
71000
-88389
-91008
-78508
30188
-48484
19166
62467
-8559
-79155
-82707
62238
-86005
-8205
57363
50778
84015
67594
-14782
-4066
40726
97629
95578
82194
84054
-22258
57300
5255
47154
-73257
-68552
76037
-92248
-83684
-35059
-44068
-12053
-51031
86505
-53415
-49507
-29064
-76311
-30151
-72205
58041
-13102
-93341
-78152
-96532
-32403
32496
-77842
1262
-95916
80511
-25581
53406
56269
44100
-2910
78019
18974
-84669
57677
33832
-54788
-87619
-89710
-9816
41661
-71938
-56884
-8236
-4735
39998
-85996
67257
86998
-90910
-85638
-16462
-12068
34558
-77413
4844
84426
-31383
49046
19993
33122
63812
19399
-33800
-60057
70547
61666
-36033
80004
-21041
23053
28256
27299
31238
67585
-99481
33501
-71438
21386
-48377
1188
90245
-83609
-5895
-28233
-99203
-51947
-64436
44839
-53683
77756
-30921
-46822
-93383
97888
51796
-35368
-86457
15469
67230
3336
-6160
-97261
34216
93457
85673
75853
8609
-35622
60677
76828
32430
-15638
41222
-62918
86267
99088
-63547
-67299
42619
89958
-82120
-77267
-48412
48675
61705
78939
-17151
-19683
-45820
5924
43969
53857
-77362
44061
38695
-64097
-7104
-87684
25807
-16323
-27362
93724
46798
-92934
37882
-65547
4515
-44518
59715
17292
-35791
55318
66192
-95989
403
-28427
8043
53893
-56641
-50775
-85103
-8169
-21359
-28457
-85079
-13284
-34814
92190
56250
8837
-93410
-77390
9921
-27971
17655
74868
67714
-65139
30778
99663
39786
-45776
-49070
47791
-505
59099
32222
-49710
-94450
-2698
75535
41848
-74493
40684
19703
-20608
-14008
-36698
-64907
64777
77294
-401
18754
-34674
95912
-49349
97310
60637
38549
64106
38091
-41120
7711
-98279
-25802
86368
-30545
48763
95227
-68825
-81261
-63946
-71097
25131
33662
94096
40696
-7790
19750
62289
-87753
3147
-24395
58673
48059
-80160
-18166
90307
-14113
57374
3365
-95457
-1594
34371
-33730
-80074
1668
49551
63623
-66080
-43150
-94447
9482
-707
-97853
41292
28428
63509
-68869
60491
-29087
14290
76198
91202
-52659
-72948
-90011
-72786
3171
-6015
-46819
82337
-11568
-34222
-21471
-54745
-43
-12
-57786
-40019
22406
19145
-76048
33766
21482
-89970
-3459
-79845
9878
89184
2931
-7827
-41267
-8711
-68646
-77861
-36630
-41456
46087
47347
-79846
-15375
13851
-29178
86956
66875
-81909
17181
-71415
24534
-73341
-86956
-37373
-48121
-17789
59304
21922
-77036
91298
46392
93176
-46290
-80193
41409
-72783
58271
65120
58593
81546
-45556
-56778
-58738
25001
-81285
64678
-91205
69656
-46338
18214
-51219
-81261
-99123
-24722
83403
60499
9148
-21240
-77884
17964
-62450
-96506
-79112
-70307
72022
-71542
-94002
11496
14657
31985
94835
96140
-50083
92468
23266
-60287
56504
-10344
84149
79532
-27910
78265
-70757
-9930
13738
-8774
-24220
-89575
54781
-66293
-26607
-17749
-96587
43280
-30131
-40409
30313
-6712
-7808
-76422
-26032
90236
48103
-28812
31524
-28827
-53341
-49603
8452
25888
-63776
-24324
-74190
36777
62681
-5100
94348
-81253
19037
-74985
-38960
14848
58614
95662
-75661
46039
18138
18073
58283
86510
-77552
-18873
-47324
88176
-54564
95182
-51691
79484
-10989
28576
97373
-63937
52487
35656
14805
-28837
2292
-35526
-65627
30034
34603
-57811
-19962
-81830
-2052
-97651
10144
28983
-4722
32309
53557
-71995
92279
-12372
-22293
41605
-7163
29826
-2415
-55618
88508
-15081
-22047
-16867
85272
-62930
50600
86381
82428
-51196
-58041
-248
34721
-32638
-88247
-88913
27011
85723
-79525
-20067
37228
72960
4591
65367
78214
-64113
-97157
32118
85273
-38541
-46480
-26610
-35558
-80795
9432
9528
-91570
9650
-31980
-14683
-37723
6044
-26541
7682
-58988
1716
54204
55841
2257
-14948
10365
-76240
39369
-81359
39749
59718
-77589
-86615
-94881
71803
-83887
11009
-42785
93613
26965
-17803
19474
-94594
-80165
28658
-10918
35776
-85337
-70414
32283
4048
-85051
32081
-12343
-97914
79544
-31725
-93357
63407
-23262
-72943
-1959
77194
-34845
83717
68098
62251
40232
-76882
36713
-58114
67372
-86814
-94850
-93550
-63377
21967
-6894
-7305
9229
8766
2337
-15878
16668
57524
-2285
82919
-97018
-96828
-39376
99542
-806
-86629
77922
-8102
1287
33239
17806
-68230
-53530
-8953
68436
-93453
32427
98140
-54171
65271
-11126
-331
-96742
62576
-24746
39072
44263
24662
5115
-49923
-10192
89291
92290
-97790
64003
-9030
27390
30123
67939
-82510
-3405
30552
-28449
-34878
13446
58137
-11268
-39
-98526
-54648
-5037
-30544
-42218
54483
-24595
4348
40153
11047
86158
20058
20844
60569
12015
99700
-49382
-23158
35807
-45761
75560
25995
-14237
30061
30240
16278
96907
-114
-44890
-25653
-32357
-98728
99352
50221
46034
-52471
-88965
99586
-4124
-94764
91365
92358
72843
-97351
40426
75264
-6778
-81280
-9784
88228
34481
-60874
-7335
-63558
49977
-55351
85727
-27102
-5212
5962
1932
60690
-54458
-23953
-64903
42126
51848
12
15
66
87
-65952
-71271
32130
-6926
1850
45722
15149
60269
-94450
60644
98095
-97697
-18219
17470
-42565
-93742
77218
-39868
11293
46286
53648
-78160
25347
16901
-51634
-39765
9626
-94574
87275
67736
32375
59886
-93285
77429
-86852
-21302
13995
-62720
14654
3790
14639
68907
-89994
-87222
-1165
40842
63344
-71829
86666
95915
52735
4816
14031
10008
-99001
27195
54380
-84510
-58683
83749
-82428
-31486
-41202
-3189
-19810
8319
-68182
62086
-3890
-92905
97782
19515
52842
-12551
4826
60675
-41000
-12213
61386
-32252
39349
55896
75219
69562
96708
-94156
-91844
64238
-48411
77142
-67521
90
-59073
66477
63673
64131
-36562
-19985
38672
30366
-35972
-38475
-61237
61224
-91641
8242
-92500
71343
-86299
-64718
52555
8286
55799
68190
59142
89574
9624
-15995
-51849
50891
93373
-7674
-80124
-63636
34669
62576
-17935
-78557
83047
23022
-51264
85335
-77524
4794
36895
18380
-71235
-78963
-64537
-36747
-44931
-70341
-99031
-8779
27045
-12122
52506
65519
-618
24965
71829
-21624
1995
-95435
89023
-42592
-32992
-73291
-93215
73836
-25935
80851
-88291
-10333
42541
65152
-97938
-19582
75644
34832
65790
78169
-6492
46745
-3390
21141
-94482
-1459
53246
56226
60965
85284
32019
-49410
-57478
-98263
24122
86292
-2621
46121
-90588
-64885
34816
-42686
-80289
-76278
-91458
-57118
-29867
68859
-36104
45127
22299
18395
27395
72118
-44174
52378
71169
-54349
23636
-65527
-56681
-38524
28031
-50608
-53228
-55537
67689
31003
-44610
-82547
-24214
10777
46434
-8026
-8643
66117
-34508
-30972
31959
5901
-13398
-66877
-62354
-9643
35267
12497
-60666
-29421
-53419
31720
8235
97753
-10606
5659
40601
-97733
-77706
1313
-45172
-61132
66813
-8343
41353
-68103
-99072
23968
49537
31837
-816
-80056
-58068
-5587
47721
87680
-69012
31229
-75034
-19496
64162
26305
-91787
-69173
57558
26866
-80406
35198
89113
-45392
-95689
16593
-4397
52447
73232
49248
-84746
-59919
-703
-54217
44185
44862
91453
82296
62155
59056
9994
-84615
-5973
-37104
-84854
37063
-77191
-71278
59980
-52981
19884
-2301
-88628
-97007
-5815
-70898
78098
-27304
9721
9896
-60143
-60711
-89015
39234
-49660
-41397
-99608
-12707
1069
6193
-79211
50866
-75559
33980
-85251
83249
39368
-20475
-8823
96457
-61815
-92041
-32249
-39590
-61691
56600
76112
14673
18114
-20657
15740
-84710
-57306
65742
-2581
-6395
97471
50139
46442
-80550
21844
-47139
39617
-66270
89037
-26356
46128
-44918
-6668
26938
86115
85520
75799
32308
6263
46678
85484
16630
46987
85790
27812
-83360
-17297
62111
25871
27002
35843
13576
-91498
42937
-90819
-70024
-14067
-2869
-11025
-97107
67743
76196
25752
-61393
-13293
76251
55074
64933
58420
46986
-70019
8752
-42897
-49229
-18614
2175
-64189
87667
49874
38209
-18146
67226
78930
-56130
6066
76990
4196
-39917
31066
2562
71624
-85956
84405
-43952
-30481
-3398
12930
-12317
26618
37236
-69452
-70534
-27585
-32212
38452
47962
90532
90512
-76299
61230
-30806
-35180
34861
75740
-85335
90851
-90392
14923
66103
-90557
-15522
-6476
-73766
22788
58855
79887
32621
23964
-30553
-57025
-1213
-77624
-24737
-25268
-81933
-76217
71190
-63696
-55511
-95465
-33546
11584
-15688
-58536
92363
82848
39771
55383
-27899
-75077
64661
27969
-19059
92639
-50700
51195
-62788
11544
-31847
-74364
6553
11832
86313
-40590
-96393
72633
-603
-45978
-31209
91989
74008
80275
61327
83695
-83346
-63943
85978
52713
94149
-65574
-58658
11152
-83937
72374
71867
18151
95319
2047
-84754
-11073
3460
-53123
61842
58742
-17468
-17734
743
95688
80123
-29630
-58887
96277
66559
-93394
-14919
61495
-3967
-56113
16931
-26687
-301
83341
56771
-12759
49336
-39607
-49790
70987
-44701
94706
-97490
-44192
-85751
40037
-39907
31365
83860
-6635
51043
1633
-3746
37579
-17756
82400
92633
84195
54388
-65635
-60438
-22781
80019
-45636
-34669
-46889
52039
77475
90444
-31290
-27863
21826
30840
-31821
79374
-93723
-84791
17328
89904
-36008
-70488
-35815
68268
-23255
-26631
-84882
-11126
-81795
-55419
22836
19788
-80558
93404
-35653
96414
5100
-37129
-75847
81165
-95321
-3927
-49971
4679
19351
228
14197
-78052
73632
64888
-56358
36124
-3770
1749
-42372
30192
73229
-59427
-72790
84672
15086
1637
-61555
-72980
17370
-17996
-948
1566
86003
32590
29097
75583
-65321
-29960
9688
-8937
-45943
-14241
-52077
-52621
-41517
-42670
-52328
-25477
61712
-84665
-66048
-51326
75181
67254
-29835
-66378
38793
-94701
11020
-3518
61254
-3907
53908
-15611
-33517
76150
35735
-27949
-21137
-11567
84078
-71163
-28046
67765
-71385
-77646
-1550
-32107
45829
-22773
-10516
49489
26321
6947
11022
-48981
-18633
-12235
-2751
-90666
-1655
42961
68236
8385
29269
-65791
54305
70782
24921
-60455
37240
92492
11031
649
-24333
-54532
-64603
-77886
10062
-14484
74910
8667
29879
-21248
70810
-65131
-99008
-339
29758
21483
39549
-10714
-66765
66969
-95455
51553
33527
-50197
-25962
62715
81253
-73139
69070
21211
-21780
-84418
68253
34408
-74149
-9399
-43918
-34177
-56721
88090
-98815
-47596
91879
-89652
-76139
48760
71151
-48527
-29718
54232
-40301
-39453
-83128
-34763
89285
-57342
20894
-30733
83899
-82293
1088
53707
-90081
-35568
25317
94105
-43828
85727
53674
-64658
47821
20168
-18874
-6304
-61407
76799
12833
35911
32813
83883
-63385
86801
-19451
83159
-66318
36024
-38727
-46699
-49225
10329
-42714
-73834
71364
30862
-46557
-54649
-44087
-22494
58502
-58867
-17344
-96145
27200
-54598
26116
25200
10949
-72169
-14451
97372
-43777
70832
66386
2964
6675
92113
99102
-98801
526
-84009
60869
-4858
-7211
33160
-77010
-23871
84205
-81115
39773
-21036
-31450
33361
34919
-59544
68182
92203
19476
62821
-89980
54247
42544
53529
-84316
49312
-40950
-20160
14037
84497
-14743
63036
69012
-28687
-59166
-25776
-72542
-38347
-74060
-86304
80813
-47964
-86759
69471
20349
98325
-70553
-45676
12187
-35719
-7735
47465
4533
90295
1160
87003
21649
-50810
-53423
-13352
8034
25074
-77345
21613
-59688
37652
-80321
59326
-74493
-75286
-76328
-59818
86896
-52836
-34392
98288
83084
7544
-16053
31312
24004
-7631
80298
54610
-40943
-45397
7968
88805
-11010
40144
52407
10131
-73369
23660
89196
-58854
79310
99218
85265
3495
-60719
-69578
9399
-86626
21272
-65371
-49506
72779
-18942
68862
-31996
15574
-56384
-32031
-6645
-12479
-82000
59356
-56858
-44024
-75008
-19758
77503
-89085
20413
-3230
88526
-53950
-30611
37394
40537
-6240
43
-44
-46795
39981
87003
-9697
-8955
-56925
1509
95941
60774
-29778
-80985
-7439
67465
-62060
41650
-49139
-77561
13309
-33623
-87792
-24133
-66597
33826
-63748
46842
67099
73942
-23820
60786
-22171
9115
-30380
-77767
-73261
-52802
-70540
-57506
29580
48192
12831
85486
-2964
-6086
-83640
-81077
84339
-95377
-71448
31215
47559
26260
26592
97607
66712
-41207
63543
-10128
-26902
28280
-73464
88563
-3290
-54663
20408
38761
68889
40769
62708
-42249
33097
-75766
-36554
-99674
44694
61025
88580
-97316
-17163
65787
7838
-6715
-42367
60306
41280
-72080
-6203
58895
-51400
65037
43213
-86652
-54194
-44998
-88803
36866
73962
-51354
34382
-94187
27241
3211
11776
17053
-83412
84896
35126
28458
-95096
-18911
13569
3914
-4057
40844
-43034
-22758
54024
-8722
-89138
-66814
42820
47474
-34397
-93901
3979
56812
-55081
-80454
-46573
-82621
-36006
-42482
-98180
58098
77516
-9643
-7371
-23495
-1649
9643
-31027
68010
-29354
-26087
-14537
-94272
-90369
-74729
-79761
58531
-10390
-15962
96432
49748
83825
56682
-86375
28849
-31307
14565
-49859
17119
8941
82350
-23735
-94876
-36750
83932
-5932
-58318
-63280
-37898
13877
-49945
60365
-94400
45781
37599
94176
-93222
-43756
-49865
81079
2670
64241
-85117
15202
-53586
80054
26159
61550
15056
13614
27779
10432
89685
-51478
-4881
-57547
99046
-5631
40400
84627
-81586
-12714
64450
94830
-57579
-89937
-55902
86478
-43432
-93168
99148
-70468
11427
1315
75926
-85252
-74586
-54083
40423
65406
46493
-50983
-64828
92708
-8820
-53166
1771
-92177
-39936
61895
-10302
55540
43733
24393
-18419
4703
19018
35884
-78219
64102
53213
-31951
-66284
61260
-68638
8810
-73130
22645
-42726
94571
21835
68103
3799
25258
-75406
-50275
-56169
-14436
34340
-86710
75969
-79037
-37303
70210
-23185
40406
-20015
52289
-38512
74501
-70253
-61943
62203
-30666
77370
-45233
657
35385
80770
49163
-86449
-13469
53010
55675
-28502
793
-10943
-26613
-62819
-49862
47295
41402
64583
-60244
-7120
-16504
-93953
-28798
-93765
74218
2287
95521
-24306
47708
15268
17910
65049
-7222
-61134
-50757
6994
-7132
93770
4057
-2652
8696
64975
73077
-66471
78805
82060
-51160
-40032
58360
-56774
5111
19357
67995
26775
26539
42235
166
-37190
67372
97560
-47221
-55034
-48865
-79852
-92488
92514
12366
23510
29215
97196
60648
74401
-50535
81294
83148
-88709
55118
-88711
-48164
-95316
-14816
37308
-22573
83834
-18745
-82715
-64140
87300
17219
59870
-83299
-54392
-20990
11110
-39121
73645
-86583
25945
12756
94028
-13983
57931
-7000
-60319
-96564
-39745
-85105
83716
80899
-98678
-10791
79672
75258
8152
-98622
53276
57603
8092
71950
19593
99518
-75651
83588
38484
68858
53953
-31
58600
58406
-45578
-38492
-15856
98441
-93068
-78800
62154
-58814
38136
-14758
-90555
39342
6410
29801
72074
-95468
16844
-26734
-7659
-47367
-29768
2400
3999
25480
13879
-60857
56872
83580
71469
-11715
-60175
74452
-55119
-42915
60061
15945
-18821
30474
-78301
2745
23231
28464
70724
56800
-63477
-86947
26807
29873
-48343
-2429
-89776
51461
-51514
28618
-41534
92224
98035
13971
91374
80637
-8880
-29491
31290
-76472
86506
-1353
-54913
-77268
-77167
-57473
-69151
31759
-61585
-86792
-13494
467
45124
-5252
1935
-37391
-63607
87555
76025
85187
-20203
44082
-79789
-54048
45417
-29730
-64745
78689
-85836
95279
-12392
-49035
98765
98814
87844
64182
-58445
5401
-54585
-91853
51311
20842
44061
-36645
-48813
2429
84208
50146
90722
15006
-14951
56084
4096
13214
-93831
-32120
-69873
57068
80759
-15157
-73437
42438
-4428
4344
-66533
30420
18731
43748
-70858
36542
88453
77137
14758
-84726
55979
-80455
82332
-82443
-37431
-87145
-37342
-84983
84898
36804
-29977
-33372
68449
81089
-4675
67638
-97399
14747
74745
54544
-1359
-19354
-24147
75202
29331
64431
-82090
-14558
44166
-38117
-62446
-23542
-72366
56305
-6745
72278
30479
-19094
77227
16066
-45097
72657
84002
-93241
8438
-29905
7644
-29970
-37987
80992
18387
77688
-65106
-79787
-29145
58606
6289
99557
20377
-59281
35243
6738
-70936
-24069
-86628
-58304
82346
59723
52668
90105
33588
24010
-83974
-15943
61420
-36851
48964
-71886
55706
13971
-12358
43649
-52334
-26264
-81344
97913
53452
20816
-14966
-2636
38707
56957
87015
-4228
58696
-45509
3492
41120
-14034
-7378
17669
-66165
-67047
23723
-53761
-39764
53929
99720
27713
33115
92794
-85126
-75170
-89414
-72450
34201
25827
-78623
-93637
35855
-61425
-74210
42996
76574
-77625
21646
-49730
-44352
19321
-56640
37043
-47262
-79913
-97571
-44914
49030
24610
70453
96605
58559
-75254
-34961
-17595
59279
-62112
20151
-60474
-46625
86520
-67309
53275
64519
-38754
68461
81581
-58056
-64152
-94422
-723
49566
-649
91160
-49870
99312
-36604
-92038
95661
-23453
-99518
-90169
43547
72871
45889
78282
-66607
6449
-38004
-37918
-75416
69151
-45126
-34428
-43701
96749
5513
-20403
54790
-31750
32076
-14229
-23680
-23411
-87107
47859
39258
-35179
-69400
-3516
23529
69712
55454
86886
46512
75908
-11532
-11538
-58204
-88468
-96299
56741
-53197
-33675
-878
-76167
-4623
-10780
-35827
18225
-50539
31803
-24412
51935
-8378
49973
-30982
87243
28274
53173
11658
8469
15897
3567
68286
-8671
79788
-67330
85603
-82399
-69739
-62105
-64636
-58080
25620
-84917
-57426
-45561
15128
49761
-93577
94576
19956
-69188
76357
-5220
-26311
-25740
-53782
-69642
51778
-84912
4588
43377
-81250
-72014
22252
-79092
-28837
89590
92698
-64636
42292
-85535
-38271
-57971
67814
-53486
27731
42868
98621
-27438
40392
66039
-10034
-99258
76565
-67243
85260
55583
78476
-18140
3221
-94760
-66564
-37566
40229
46285
14183
-50959
-5602
-91563
-88932
68378
78254
34282
99241
-44601
38209
-98941
-28626
42437
-20708
-12493
-17312
-63515
-55879
-14627
61154
-65408
-20796
-55112
-5139
85282
6660
68221
-88232
2611
78971
-53833
87786
75275
-28893
-87983
87932
41549
35482
-19058
-16016
-92548
-2847
-96529
-77327
-89278
-16554
10719
-96370
68476
46976
-57524
99971
95064
19061
40731
82166
-78869
10199
-55914
26930
-13219
15724
-79929
-77038
-14132
35120
-36141
59124
72355
-9294
-31241
77429
-57449
-94864
91551
-22241
-82248
18741
-40108
-74881
-33234
75736
76836
24551
-46028
37192
79469
-54311
46434
20485
12451
4651
-46930
90383
-72756
41030
900
-4407
-19482
25161
65180
-92804
-1572
90646
-92485
-42943
-67602
28949
93656
79028
-40049
-69082
-49368
-61212
-87261
7563
87466
-78528
-36483
41767
-85098
-39175
-56906
16137
88605
7378
-41375
37036
-918
-71029
-6814
-60025
62578
70393
8812
86442
72179
47555
-78101
83789
35813
74909
78399
-94749
-83847
48651
6457
-34480
79651
-58462
-17428
53426
55685
-90862
-65424
3855
20388
-44617
-32357
18844
59331
94415
23533
-45672
-99370
-25937
-770
-21889
-56124
-64808
-49286
-75558
96727
39558
-27323
-54809
42700
-87605
7873
-85994
92065
22799
72246
-68604
97727
-62997
56862
94890
-46772
33350
48380
82729
90991
-99106
-10595
-52576
-9805
-54356
-90582
50923
-56505
83239
73884
30904
-52932
83685
21314
-47795
57664
32317
-95238
73656
-18561
-84729
75564
67830
16217
-36022
39523
64718
-87980
307
27567
33999
71740
-83771
15091
-22744
-17646
6992
54157
-41276
50249
70154
-1401
30388
-61620
-42858
-41922
1178
-1610
-88734
7446
-72825
87202
-15414
71313
70431
-46255
-53612
-72394
67552
-16270
73463
-71699
50998
-34724
-65713
91764
96826
18520
-8784
-69279
81174
19953
79206
7463
-55086
74193
-79667
83984
-43397
55061
14551
-43198
-32466
-83695
11063
74255
81588
95176
-40133
-67594
-95822
-54589
-20887
77126
52818
99020
-92346
50510
-95070
68127
54227
-15558
-35801
-71952
-32452
80295
-55019
26485
39174
54406
-90983
-1501
-79577
76042
-9335
-35692
-24546
-62510
84138
60105
-50276
50830
-65710
72464
-17868
31507
-39879
-20077
70580
-4486
-85034
-92078
-32489
62828
43005
-59468
90650
-90514
-66625
-98942
74717
-31171
-43664
78266
-57911
21014
-26845
70216
-54281
54518
32295
59671
-1718
-57363
20183
-17136
6143
59401
97210
-92643
-86485
85286
-44487
-87635
41003
985
-8151
81363
71673
-83598
72598
65086
63166
-73259
-590
-72911
84540
-89477
-87544
48109
20638
27125
63183
-83592
-59415
-55678
-84021
38809
-8530
-54084
-14449
316
-87462
25399
18581
-36210
-42219
-56923
9649
85757
-58525
93455
-63412
28594
-39980
86725
-50027
-39427
3668
-9115
-39023
-34988
-99687
-89639
-66063
-12061
8200
29050
-69555
-1491
2905
-56784
48830
-520
47085
-39312
51969
95359
15148
-50899
32426
63027
-62275
23642
-36711
53014
14138
80672
33895
-60931
-67250
-15543
-45407
-56051
88701
-57302
-67504
-6330
83232
-13199
-81540
78892
-22922
-90969
-71838
24166
17218
-65039
-82753
-15944
21102
84276
30457
86053
-6668
51657
-30428
4917
80379
-47186
-96211
-78190
-13742
-82841
-95092
-87940
-48224
-51483
23911
78403
-89376
-94667
89503
-56957
-99409
-59185
-88722
72283
-28480
11504
56051
-79981
-78424
-83390
39202
15499
83502
62945
-3071
-5266
-58808
-83791
3418
-60063
-32211
-83621
-41121
-18434
-85882
66669
46047
57563
-65368
47692
-23330
-77877
-43849
-13849
42583
6071
-61068
-30439
-3266
-38002
-60650
-21113
-83274
49667
89997
-72291
36205
13045
-45601
99090
73
26527
58150
-91358
-34333
25532
-35971
-83622
37371
-2177
26975
21820
-22004
-3632
-94893
21292
37013
-60768
-20840
-11979
-61199
-70229
-43017
-93970
19101
-81691
-95251
88024
-57783
-34393
-62452
12875
-89521
8629
79075
-36530
-6164
-16808
-49154
22953
20716
-86173
95600
43713
83309
-56071
36516
-6437
-54314
32298
7388
-77570
41746
-54850
76240
27671
-50560
37159
-97839
-59104
-40431
23305
-83769
43832
-60319
-77752
90199
49132
-13833
37672
57984
-74971
64498
76845
-70892
20794
82063
90024
33346
49925
9902
-98101
-17158
-48808
-40059
-43000
-2174
-2337
47685
98581
9080
-71061
74713
87153
26418
-5763
71615
99484
30977
-15078
-48994
90580
-5931
856
4036
57431
58116
-17224
38298
-7117
-96019
1861
11399
70092
15778
84768
31227
97262
24537
16062
95487
-68467
-10300
97801
54072
-4708
-24930
68624
-4835
-50964
32288
2209
93060
73967
-89132
-36721
24545
-98842
66043
-84797
-6679
12850
-79417
-40997
48706
-96566
-43600
89862
-99527
47322
35750
72999
19977
-83302
-25587
-13738
471
22358
48155
60224
-65192
92348
57969
94635
-60026
83846
93601
-67930
35324
-54773
-53069
-92720
81344
-1876
29860
-87342
-13152
-2913
-46909
-62705
-56400
33792
-4286
-47559
-25020
17658
26491
77288
91468
15082
-26867
-1735
-96734
-97277
1058
-44734
16760
-5708
-24612
91314
-27927
-23590
48490
18487
-10587
-87579
7851
9007
27529
-53664
-71455
-89021
-39055
-23482
-11918
68595
91390
36256
-7402
87144
63694
82743
-80178
19610
-80454
50490
-33057
61713
-48506
62668
27046
-83764
23032
84565
-72852
83278
91981
86022
-72195
-68146
40874
-58006
29922
44
41519
-32308
-51999
-19620
34475
71960
-19427
-43689
98858
-99441
-93326
9938
-96849
-62484
1464
90782
-45999
76601
38912
-59186
-37997
-46066
-7077
-12012
-73898
91035
-39323
81658
19013
18220
19676
99338
-8905
-60313
73781
76540
-31705
-92993
46161
18488
10832
-35020
-94098
-72613
14191
78107
34614
48026
72209
79160
51513
78752
43021
-41712
83564
33582
32882
61349
-64357
68030
-58442
-15601
47721
-28639
19518
16694
22658
-33490
-18976
-11594
77022
-67740
-34943
-25620
2806
84350
-58751
37386
-89293
-46674
-50665
-94203
83612
59190
-25865
24479
58739
20801
-17546
-20045
-91295
92361
48877
49329
7337
98751
89586
-43163
69728
-36894
79385
59209
45888
21365
-21781
-48560
-43091
38132
-67070
-75000
-41728
-65430
86616
-52186
64609
-3747
17760
39756
411
-92742
64713
13388
76532
55807
66651
17610
-30772
86775
72629
70164
78893
-22294
27063
48143
19529
33304
40440
42369
94564
45304
6563
-2769
30703
-61627
90810
-59812
-18996
51580
77128
-27233
-83910
6764
-24614
-28376
86658
-14100
-53856
11549
-89937
7211
83775
-56350
69266
-74746
-12031
53723
-55263
-21807
-2657
93503
-21760
-22352
63310
58050
15337
81530
93841
-21709
-9036
93196
19202
48728
-52901
51496
-74934
84950
7194
51219
-5510
68826
-28396
59576
-12305
-48938
56243
-62402
-69939
92978
52778
35692
16659
-12273
-47410
-1781
63580
-22174
-88624
-31668
-4720
-1955
36630
-68480
50874
-77170
42674
57240
-15785
-47367
52595
61508
-50135
79566
-34366
-35177
49846
-90581
-19268
47597
78272
42911
-78751
66896
-81295
98268
67337
-83568
17239
95565
-36500
-91596
-37840
42600
-74246
10210
63042
21716
72458
97050
-54508
6896
-82610
66508
-65169
-56554
49740
71941
41214
-44380
-72276
-65187
-73632
-27492
-60130
68509
-32257
-91834
-94614
-69154
86918
7779
73790
-73475
-51720
-96848
-56176
73389
-76725
79513
87364
-62428
-28982
-94088
51934
4411
-62915
-3050
-23585
2882
66242
-59518
-38431
32194
18848
57281
59593
-40015
33106
77256
19193
-68163
17766
-56797
-25851
25659
66769
-35597
11829
67821
-44405
8082
-39306
-41145
50301
-26155
59831
-21136
-16627
-21503
-94649
-20056
-17946
51240
-38542
-38050
-64758
43292
45794
-15854
-93541
81715
-1420
-21270
73938
-9276
82755
-94608
39888
79489
-78430
-83174
6071
79200
31666
-11658
54520
-57789
57285
30245
59258
-73781
6397
-61799
65411
32740
249
98280
-76132
7988
14329
7663
-60529
11806
36265
-42551
-21997
-78207
19405
52222
-66968
83451
53004
-61375
-28024
-75141
7881
-73091
85388
4041
61608
-78149
-60434
40485
45784
-26822
8739
-32121
-23469
50130
87763
-30298
-25630
78850
38786
-78875
-96915
-5349
64921
16933
51633
-44406
-34888
-48115
97128
80845
74396
-96987
36663
-88862
34283
-21673
81323
-54579
1215
91569
-90663
-93515
-46483
62378
-19868
-58121
54874
18829
94327
-64454
-38064
-4254
52963
91672
-47981
2717
-78699
-76622
-14036
27106
57906
32570
-22068
85571
-52551
52936
-57155
-78364
-3428
4083
40255
86300
-2843
60149
74187
-47945
45382
-24425
31994
70439
79920
7394
34434
-40585
77324
-17167
11519
29721
58442
-16069
74384
-8765
-29158
41353
78632
21509
4606
-79944
-81949
29621
94034
93621
-18588
-5468
61979
7149
69778
-44870
25019
43920
36342
-76065
-92842
5109
29564
15873
46939
9072
-86205
-5496
-85058
-10493
94678
-69032
27845
475
52926
48440
13559
-69608
-6755
82162
3565
-35106
18478
-12211
73029
58354
-74476
-94226
55926
-82976
72220
-5029
-86284
-73817
10048
-33721
41820
-48979
-74620
7129
18038
82790
-4275
45774
-13899
28388
62414
57620
-17308
-28072
-78865
84257
79231
47405
97022
-10652
-25257
-67034
-86040
86760
43132
-47772
91004
40191
9155
-51275
-59495
16444
-64416
-79569
-71963
-66717
29181
35133
45295
-90766
2079
11233
-71052
71109
41864
-68968
-80383
-34627
-22206
43316
32811
6158
8630
56319
-16291
-41037
35160
-5423
64474
-17757
-27931
82248
-45465
-64995
80018
48140
94711
83229
-31114
66345
85831
2324
-42517
87397
-33270
-24748
69046
40442
6500
40493
-32016
-6081
-30217
-99717
-11253
-8314
65572
-84344
36168
87736
-97376
-19437
71661
74953
-45591
-48441
-9861
-34523
27090
-46431
69610
32148
-39007
-23105
-18625
58630
-48816
93619
49656
-35988
-92320
52178
-57819
-37892
-32709
46788
66741
27024
-54108
41367
48411
-45282
-80172
-28112
44811
-5034
38682
-812
-97478
-51066
75333
-79761
56508
-56986
27573
43627
21574
-89254
60023
27609
-71964
-33679
-11697
-93397
-32412
-20422
9224
22435
-67193
-55001
23426
81108
-78991
37212
91449
57509
74317
90026
53236
-35196
38913
2142
32646
-56644
-94104
-66386
23063
48289
82036
-50557
-48392
-78905
75053
15157
42265
-3653
23416
-80018
58185
-4328
-77355
-54928
-42390
65252
55342
-62766
34426
45599
-3786
40512
40315
-98949
45653
-97879
-576
47722
-10937
33963
-62631
68326
54860
-76972
28679
-76122
87730
-6631
-25099
83502
91714
-71553
54652
85291
-89586
72309
78861
16514
52123
-62402
38743
-67448
31840
-3470
43121
51464
-13846
17902
-17231
-22029
87047
-14663
62907
-97726
-52378
57592
74621
-81017
94663
-17699
-53028
13905
-30300
33588
83142
25531
-68995
-92296
-16912
-34318
-91836
40543
23921
85119
31846
-68806
15638
-46918
-52022
15900
-86178
85849
-34069
70081
-3933
73166
-58292
72670
58340
12644
-51890
-32607
5664
62651
83125
-91017
85673
18638
-83659
-4247
43601
-77182
-27019
-55441
-34880
-5933
-519
59650
-45383
-23046
-36558
-35340
-42652
42934
60180
-45300
-75386
30869
-276
23153
-95623
36215
-36326
-23053
-25066
-59469
54559
-49184
-17507
61789
20609
-25190
-84551
-71801
87889
7215
-73473
-49875
55151
-19269
13962
43862
57185
-48823
-99457
53795
12188
-7897
89462
4362
25000
83836
-76562
-13572
-65900
73608
-14470
48706
70696
-8738
63373
-9338
-33798
-26201
-45458
-37827
-96002
72928
42398
-87692
-68931
-88942
6560
98540
5887
36611
80833
57020
-69143
-26876
83879
-99401
30174
38458
-90940
58539
27121
20132
64604
6555
-40914
-77732
-60328
-91740
-32057
-48801
10219
-8756
-89810
-24916
-1254
-17376
78055
-26464
-28837
-95099
64724
-75630
-4818
61477
54165
52436
29644
-84160
-16261
-44111
21275
88875
-74086
-54490
79328
-11739
87176
-95646
59219
-46867
-85451
-63706
-32156
-29481
32895
-70481
-71066
-17456
90445
-38033
35303
28919
36901
34351
2069
-63401
-93009
59687
31445
16270
-39401
-23344
89697
-68718
52147
10474
88105
-87759
64262
-20748
4841
91306
-62785
-41037
71102
18772
-99848
64745
-43993
-8126
-39300
-11899
51872
75762
-38595
-62979
-49029
-80515
18578
84785
-45524
-85532
-39229
-34611
52013
-68978
46231
